400000  800
51352  30
31291  3826
85251  636
8305  2473
77664  9595
61875  2506
88600  4069
94689  2678
56061  3291
68587  4081
54237  6090
59378  7950
78173  7044
75829  1975
89987  6956
67680  2391
42462  5558
43439  4884
56897  3460
66342  2074
92790  9172
4829  4785
95327  8177
25867  5652
90504  7950
45174  2882
54974  8049
32415  3612
4928  9144
76318  9864
35127  1311
47224  4707
70737  792
71859  4621
70733  1940
18013  4128
27100  309
86224  1434
35773  5640
53267  3808
54172  2317
1700  6018
18013  6789
65247  4283
6480  8021
63118  5018
23138  1946
34261  8101
5651  1126
98893  3686
75931  4370
82029  5575
52156  5580
18169  2052
61567  2753
50420  2836
61090  1999
70594  7548
17677  5518
33605  3409
44667  1138
90097  8861
9636  2478
47000  5300
94577  2550
56387  3151
28177  9545
38075  9049
95900  3786
78853  2416
30621  5878
84224  9140
49563  1826
61829  6626
17671  5802
88962  2217
22216  4620
24756  787
55272  3833
17415  5013
91495  9376
8752  6381
2133  4302
55921  7150
45737  513
41285  950
17193  8156
21151  6736
83723  9473
25188  6508
74921  4936
29077  3612
16288  8414
85392  459
85685  5236
2451  1637
52703  7808
79396  1953
84869  4067
35149  1331
42937  2186
42793  1622
76193  7959
20398  5096
18051  8301
75274  1350
79228  4995
4252  9136
33649  1286
31039  4614
11159  7405
28198  9160
85371  1717
61646  2911
6307  2720
21565  6614
28244  5602
78694  6649
11683  720
54088  5216
19373  2641
92896  7014
72700  4147
11731  1268
68450  9672
84055  5106
10544  8608
75295  3834
11712  3301
91144  7181
87953  1588
40512  2562
44186  3487
39895  551
95585  5260
76070  6452
11232  4679
29542  5136
2008  7758
73928  5108
68547  8347
33007  1569
63640  434
60348  4792
76614  8753
10226  3819
77942  866
38697  9057
43205  4985
34617  8481
55666  7534
68602  1582
1355  5460
26367  1998
80334  2193
30983  5618
27068  8744
38716  589
99329  1089
44758  5653
81859  2618
7722  9987
92179  4704
35971  1396
70429  4264
53915  752
98467  5597
47394  1892
9084  4874
72801  5869
34659  1537
60461  8051
10332  9553
61207  3934
41243  309
5122  4426
1827  1099
20482  3262
47114  8367
10512  2869
13062  4558
15078  8895
94133  339
82418  8568
70231  8166
77438  6123
6251  8089
97055  5463
48221  9735
29732  1125
36398  5221
94897  8162
58283  5540
2639  6924
85784  4129
63690  4998
92225  841
80340  6939
9904  1780
58203  6839
82736  4509
46057  5051
11777  12
34375  4094
74852  1427
62503  4700
6221  3810
10157  4507
29308  6738
66068  9000
72232  3629
37055  7171
52452  6881
22621  1853
72631  7151
90601  7087
94656  1698
75262  3950
14865  5241
23595  3295
69479  5073
86108  2208
61439  7968
90451  9220
45817  951
30218  6472
96641  9335
30436  9204
35678  9263
99736  3629
11638  8627
97980  2673
18621  39
72839  190
93649  1205
92330  335
11554  9317
16296  8485
10968  7668
25240  960
85377  3703
34161  2555
43608  286
2158  4315
15427  7779
52572  9647
28049  3332
22692  1910
69836  7899
78829  4904
61859  5461
52324  8626
39884  7138
92588  9353
7443  3779
11470  1280
91189  6601
26810  8430
74358  9998
85642  5007
18644  6787
2614  2995
60814  8696
14403  1220
51901  7513
52232  2076
5497  2558
65882  724
41173  3489
44981  5668
99568  1576
90647  5402
87467  9542
15600  5061
78697  9084
93086  4825
95370  2397
62640  4374
43268  9252
85796  9104
21763  4391
63233  6291
94470  510
61705  3454
33408  2226
10599  2647
24967  8529
96907  3110
19587  8541
11614  8425
19488  4901
88164  6786
55923  1372
12110  3436
23657  1989
42020  5681
6835  658
81585  6398
56694  7231
1234  7118
95134  6254
91779  4674
35629  3716
49941  4192
65997  5229
99030  4689
71738  280
21868  4829
90509  3631
52845  3725
48280  272
13686  5768
91797  469
87379  1601
90039  919
60251  6529
60551  852
85401  522
68996  3601
62247  985
24332  4385
24930  1206
72187  1848
88730  5496
50720  1798
70444  4789
53577  2067
46346  3514
72505  8937
92061  9435
79254  6996
42755  4817
48536  1537
70386  3633
82954  2212
88994  3087
78811  6110
54618  7927
99945  5458
32657  5879
19466  7567
68450  8387
97193  3927
12309  3003
56951  3173
95747  5657
68721  5886
25876  3912
74950  6677
50924  8214
8051  4654
26949  2254
39263  8328
47658  5775
73476  875
86522  4595
53797  5673
31462  3583
78284  5775
93511  2781
51332  2695
32510  335
12461  8225
78392  7228
20178  9261
23375  5283
54077  1899
22652  3756
62569  1644
72116  4705
36487  3695
41809  7771
81024  1713
97682  1806
3086  6405
31760  9185
47950  4877
16691  2729
53575  9521
82302  5625
39334  7804
3561  3955
81745  2402
20744  1416
39653  3296
49679  7257
96823  4783
64890  5366
61093  1202
23981  7183
73321  9050
49907  1668
48210  9399
76444  7112
94484  8323
17180  5558
23863  5452
83112  7439
40590  7256
26801  1030
29455  7213
29253  7963
62558  9227
53084  4850
23887  7917
65116  3534
78795  9112
73596  7037
50652  4831
74718  7484
46730  6603
88915  8618
19676  5158
96938  3919
92644  6514
46450  6633
19824  4902
79625  3471
48467  2212
98525  8866
30818  6756
16012  1259
1079  570
1138  3793
92172  6213
62227  805
5661  9020
82008  1843
58830  7454
97258  2341
66829  7858
71765  2501
80095  4091
33689  1603
24404  929
55111  9462
6123  3995
60020  9607
74171  7057
63822  8633
68432  5690
7101  1822
72684  6346
72539  4241
40799  5194
71187  7552
10236  3609
55611  1493
42015  7034
20477  1749
1389  2645
63516  3424
65738  1397
69987  5326
16694  4625
74261  2320
70467  2963
92039  6902
63511  736
63647  7439
35859  3029
42035  725
46840  7016
29485  711
14102  964
990  7982
3140  9158
64729  2187
2471  3682
50456  9870
44171  6410
9202  328
39455  2283
8165  3792
61332  2721
42803  5013
39052  1667
92473  719
71535  5981
53195  936
25001  9561
22626  4075
37001  5827
57241  5410
55283  2061
57134  7689
51796  7370
25888  4680
88596  8407
27189  4810
32392  2252
13703  969
59405  8934
68356  7651
94178  2058
53821  5097
28676  1219
47589  1831
9933  4857
16010  4089
35360  6156
43739  2489
8809  9370
39872  5170
72870  1354
96495  2663
90494  8938
64535  9268
29626  4446
65284  9285
45802  8730
95857  6963
82025  7938
99639  6304
17272  9315
1590  6059
54648  5637
5475  8226
51288  5256
59425  7560
73918  3944
67268  7175
21044  6436
33042  6312
23046  3386
12923  5297
30166  2757
70134  2523
43305  1303
12793  9073
51118  2662
93795  2468
99726  2602
83765  6167
54256  2178
72964  9577
98895  2239
43695  2992
36939  7038
46456  6941
78129  4754
6523  7837
67024  7732
22896  8215
87360  3938
4340  221
30684  5288
743  3754
64179  4777
8923  1948
3783  7022
80193  5295
6955  4044
50009  4918
52496  2046
13084  939
98233  264
33165  9161
69304  1206
99487  8764
7736  2411
42880  9132
96708  6920
61970  5528
97065  2461
4388  7209
16878  8848
73735  608
14738  180
25456  3141
35132  3581
51222  1601
30977  871
94094  8354
98228  302
5101  2980
70999  3206
89204  2985
93897  2741
91942  6340
9824  4105
71657  5065
3857  6902
59071  3021
63490  7756
54779  7735
50785  915
5300  2250
56323  1181
31044  1380
59710  1735
39200  8117
2902  4460
25108  9177
73352  6886
25886  428
28354  8040
22261  2373
64482  2834
59228  4117
34997  3207
75870  4366
10816  7799
6954  3021
13151  8779
6505  2107
29492  7955
67545  4240
52655  3055
80773  3637
7854  5880
46879  627
22034  7834
88591  6659
32013  9928
15533  9155
5414  4487
39183  4624
38906  8983
62478  3975
49995  3582
48171  9349
54292  4929
33651  7637
12360  5262
47792  2172
78327  5755
78221  4561
60860  9957
37843  1943
85090  928
75762  3987
67999  559
186  8321
27382  6843
92094  3446
41638  5892
2112  3785
68849  136
43634  2615
38556  8661
25746  6745
39506  2853
42403  4701
63409  3557
65409  1376
36185  3773
35772  8070
90161  955
79415  6541
11754  4575
15564  9824
52457  102
39444  9905
35239  4063
35295  411
78308  8403
22644  3134
22594  3620
22479  8673
68251  6398
47761  1357
52455  3314
7800  6572
28412  1775
5300  2999
85777  9742
37105  4813
57425  5954
12420  2216
65683  6189
20928  3891
17957  3363
32553  7868
61879  8867
29136  4608
37680  1949
62889  699
75388  2569
13768  4966
22097  9854
54613  1232
19737  1115
70501  237
53537  3734
62775  9015
36330  353
59649  4384
90861  4198
59291  5361
97249  1615
91270  5739
57970  200
48088  377
98070  5065
81928  4718
41220  9592
81407  3575
36878  3306
20655  3628
84081  5074
39262  9204
23456  7240
68947  2019
76854  8616
75820  8668
52730  8219
74631  2673
27988  1555
99102  1246
63888  974
84539  129
37725  7701
92077  7451
98605  7498
64047  5564
8309  9346
8297  5390
4444  4867
39788  3970
43320  7462
71698  3098
41830  6563
52719  2919
93618  1662
1857  5933
41295  4801
55391  2179
20646  7030
10836  7040
39440  7850
9145  8161
88167  6453
71770  121
74171  8950
67224  8168
52990  4712
144  6463
25151  1135
97978  287
54680  8201
20633  9996
77442  7256
70308  3348
76352  3749
8331  8268
478  773
49255  460
58267  9449
44217  2472
19726  5098
48659  4091
40016  5122
70110  5184
60587  8471
84802  7090
66882  3821
38308  5933
27408  9709
59026  1942
51538  6797
73321  9341
49274  3876
92921  8844
57327  1925
6188  7418
5560  184
84333  8368
80637  9457
73541  4047
41655  2575
61915  7723
43246  7481
2297  6901
30358  8881
93575  128
49478  3260
17539  8288
73646  3210
9364  7819
36028  3160
97237  6138
68257  2693
52505  4643
20146  6513
68797  3407
6164  2981
40162  2857
59777  7216
37947  2693
39187  895
27662  2613
91283  7593
61450  9966
27617  9819
75876  6851
98642  4820
74476  8851
35105  8401
52367  3805
