600000  1000
50907  2621
95175  1907
83288  8894
42764  9659
18438  4088
70529  7082
25259  3691
3142  6408
65689  681
4845  4216
12713  7476
6090  6714
64180  7686
748  4944
9640  4653
47225  2234
8383  1044
43651  6577
85683  9671
78326  9801
43598  4673
5241  5096
70337  3480
81987  5244
57617  3631
55421  7058
29664  5568
98230  7636
42253  7620
34463  9221
21922  688
16438  5393
10980  6119
93174  6279
27969  1013
68893  2798
28158  6101
73155  214
95535  6304
18892  4703
79445  5180
11867  6362
55308  8245
27166  9205
45319  9287
40330  6513
18882  384
25557  4008
21679  4283
48730  5265
95589  663
33564  9523
22838  4938
49971  432
47495  1313
93649  1637
46952  6554
42323  4757
89557  5611
19956  7848
25318  1028
61807  3141
20127  3139
37622  2301
55229  9792
30308  8677
79759  5409
8917  1081
81541  9615
86705  7306
25648  5414
15772  9683
49490  9953
37824  7478
20671  8698
58410  4472
85618  1611
8975  2592
63927  2083
17875  6403
17344  9631
45327  5553
51249  4952
74700  3539
7319  6736
67859  922
82515  3623
65394  8914
76763  1213
90448  8997
12489  5707
80248  2240
3774  6589
69935  2489
65261  976
79497  2539
46472  7689
55289  443
24347  3400
79203  1827
91719  904
35389  2392
62418  8850
94822  8132
7481  9311
82602  6363
57939  4589
45889  5565
41873  5805
1848  5649
25204  5053
64274  3659
82719  9890
93006  3585
87847  1652
46234  8831
2876  3207
75561  2417
91150  940
27430  2794
5768  8470
20341  463
70688  7951
2380  3028
56574  9692
70363  3451
28045  4291
94187  9324
80571  611
57011  421
30946  6027
6388  6871
70119  7673
57535  6892
90161  6442
34479  1592
40666  9912
99760  9170
88908  8942
54629  4640
72807  1738
80477  4299
43195  8010
8035  8706
20037  545
13093  4749
49472  2643
33690  4992
32997  7315
2868  1391
48382  2175
34073  6607
77420  5413
97420  8512
31756  2713
81368  8576
64065  4174
6726  6509
69744  510
57153  1143
62069  3109
81952  9259
14817  8352
31297  1518
51978  1181
92225  1625
66913  5689
84669  7763
53866  9389
52989  1834
72937  7136
65761  1874
73627  1682
10288  9647
86495  6676
79206  8471
61400  5933
29768  2806
75574  6304
39338  4121
23966  2655
40141  5157
42571  3673
76882  8762
84686  9563
19222  1614
83701  2556
952  442
26350  1465
88086  7608
63037  6912
9385  6
63362  6894
31215  7055
69860  9491
72348  9475
69970  5716
27178  5594
63206  3432
9684  4436
22146  8601
6511  9518
13920  534
12303  3599
98453  4785
29866  5785
49244  7380
70174  7070
8728  1021
8191  241
27447  7246
27184  5509
10054  3457
74405  9436
85316  838
10619  6054
29909  4573
50641  7051
1184  8659
79226  9223
43309  9734
67642  5530
14575  3802
3052  3070
17539  5159
22975  8698
18542  2562
36114  6852
27480  1302
50720  3862
7553  1871
38049  8584
48406  1022
34784  3795
24009  9233
98537  8501
16989  1647
85051  5013
79957  2424
74704  7391
81997  8386
78378  2245
22748  7267
2244  8167
56070  9567
45538  5469
78294  7123
16076  6452
87453  6694
99838  954
87957  5184
90057  2222
9330  153
3626  5593
19185  1335
76184  9863
73878  9340
55532  6589
90210  8757
19042  3488
81754  3927
75484  8511
92074  3213
39546  5533
78808  3937
95608  7763
39443  4457
43888  3883
87549  116
43793  186
58033  4217
86333  3855
66306  8038
77326  5855
99971  8629
26901  1356
3401  6071
99200  3269
10274  2067
15524  6027
21821  4701
79509  1854
13174  9632
68996  9637
69672  6292
538  9644
17962  7126
14016  6541
37089  3445
74538  4765
26525  8644
32124  3808
18782  2000
38944  6545
95885  2993
88420  4675
10143  8519
91418  8090
94789  4403
38927  8081
60081  3966
34323  5018
69092  4033
72759  8795
36511  5907
6419  5378
27505  7715
39131  6639
39289  1915
958  2403
79069  3026
86809  859
12633  8067
86155  3707
47516  3805
51493  3031
86361  1211
98487  4374
38179  3252
91145  9107
97491  6611
20574  1904
32152  5805
12563  8671
68484  2281
16309  6069
96530  1012
19869  611
48836  3351
79309  8685
4150  2138
56117  408
49276  3285
20239  9164
77699  6030
61529  2345
60770  6193
12282  7563
68032  3442
58339  518
65769  1699
69734  8719
57940  6341
79555  6679
59816  4988
63571  3006
79183  8644
55541  3992
61293  5329
92387  1690
21866  103
3451  9316
7275  2394
25938  9631
80745  5793
94522  82
19969  5677
47121  1400
9274  2956
20917  741
31305  8929
95026  9223
27681  2705
88179  3832
74188  6767
5528  7312
46820  5375
11073  8248
42926  2716
72931  3922
18354  6189
60787  5101
13580  9995
61521  9497
28081  7181
80442  3403
12877  8275
28277  968
40692  7814
99417  1916
1745  1958
8056  9107
61503  5475
62161  8718
86852  9541
91449  4738
79932  7622
24008  7655
52107  5120
14720  5029
92151  8628
11135  5998
18207  336
18322  1511
89651  2995
54395  983
39468  8779
86927  2131
62596  8485
66896  3536
45757  296
54870  8245
7117  8953
90209  2812
3957  952
42258  8809
44878  1576
11810  5818
17253  7711
22550  8127
60101  6148
37737  4674
56366  3215
44334  9449
61865  5247
22484  4929
87058  6219
95681  9307
13303  496
34455  6867
57037  7957
66146  5526
82134  4871
5331  4870
1968  5802
90678  7168
81963  6885
46391  8511
94535  8641
45435  5845
27124  7803
46700  6215
11304  2936
85946  6760
15467  4987
97478  1705
63617  9248
69078  2286
79520  764
31686  6489
55500  4064
37951  9968
40085  8869
98436  3787
62867  3594
7694  2821
92529  2397
23190  7959
55676  7470
45965  6847
21610  3925
90530  8511
49637  7384
30132  438
52664  7521
8450  5954
97145  2189
29879  8707
9211  3428
33872  7368
39241  6189
68883  6315
14400  3874
66470  9541
71282  7269
63536  2231
96105  6515
24225  2314
2361  4731
51634  3460
59655  294
11881  7934
46242  5809
13483  6394
95735  5535
51496  9910
18988  9475
51974  6076
69755  1279
39750  2389
39272  5580
70102  2956
1750  1142
14184  8542
88959  6155
77554  2098
70765  2153
15739  6702
87979  282
40340  2573
95196  3390
69338  4890
61848  3337
48687  584
3648  6790
16606  5487
65994  8653
61264  5869
69582  2271
62096  8231
29504  8118
66471  1167
13495  638
30295  2827
73287  3449
52467  2597
78661  7019
27663  1762
5782  7261
35334  1591
89877  5542
89864  9807
85863  8760
93816  6195
17972  5924
72691  2803
6404  6328
8117  7652
16965  9320
42095  4941
40136  1198
97317  5983
64614  6734
7699  6710
156  1845
29248  6007
82147  4885
74670  4443
81502  7207
27934  7242
61825  3124
99828  2980
78933  2431
19476  9266
78024  1535
70426  7018
19759  6927
23325  6120
49832  8948
98694  6249
8482  4105
97844  2987
62509  4035
15215  7847
60700  6729
23862  6759
61969  2441
88321  5227
7596  5164
49317  2887
66813  7172
5200  9751
14405  7735
14476  4219
82388  9775
54878  3805
90117  1447
73991  3910
57838  701
31056  444
15629  6300
55516  6977
81201  8779
92919  642
27252  6725
27827  3767
8521  7176
60173  8156
82679  5268
92515  2365
64113  4144
4117  7123
43143  5861
75680  5540
94387  4004
42850  9470
3914  1574
14058  531
11446  1175
57115  1229
7066  1098
65457  167
79489  6692
46507  9108
83581  7722
14929  8853
76456  8407
50303  8460
5589  5222
66550  2118
62485  7580
1097  5351
87054  8087
9186  3614
18100  7309
63364  3875
80121  7039
48308  8827
72874  3068
8049  6624
51631  9779
99962  6593
84974  5693
1703  7142
96051  3010
44623  1606
16061  8328
1561  4943
38022  1318
23492  6882
35710  1357
47503  5028
31993  4412
70651  5200
42211  3364
94771  6667
13737  94
66930  683
27471  395
84539  5199
98691  5491
13379  6370
14427  7842
67356  7210
59470  443
80955  6345
91928  585
72284  7531
97914  8906
93933  3314
7823  2905
25084  8173
13461  6222
24468  4350
53614  2499
54218  2306
30253  8389
57880  8640
23552  2012
68682  553
94360  679
13550  9295
28535  1475
52808  8516
31339  178
5845  8036
95558  6632
44058  1618
89624  8014
79318  9369
9434  1005
50222  1486
81907  3121
95317  4197
30237  5701
11727  8227
15598  6617
85513  5670
7888  5142
49995  2350
22806  8940
26328  9727
46007  6674
61786  3543
75959  2291
28196  2962
82959  9063
96045  9017
16719  8421
84117  810
69760  4641
75970  8146
54079  1612
20276  8399
66207  3211
37362  2593
76522  3726
70652  7444
61407  4087
15060  2166
36401  947
97559  3762
30445  7338
58774  7184
73280  3953
48829  7241
572  1718
67654  2370
66918  6082
35891  6024
59496  5147
38316  4036
71677  3541
14003  3415
94860  9716
21854  2592
29977  7883
86801  1425
72421  3143
42306  4096
49645  1751
31333  9286
4279  1052
33641  3096
21211  3693
59251  2595
27715  3759
48617  4283
32227  8570
79125  1975
33425  6926
50185  5796
27480  3718
79285  752
3739  2628
49027  9120
51819  1340
49954  7450
26162  334
4795  2359
98897  1337
43222  2450
43847  2321
10299  9391
7635  9868
93314  2449
96090  378
38836  929
55785  1456
24367  1809
97360  3439
47639  4255
43130  3074
59278  3130
21695  7299
70709  8291
8016  5735
26381  6096
78983  7595
59822  3352
61104  172
80535  3258
71460  7185
33522  3612
19889  9201
27755  2006
29658  8724
23290  4129
19553  4757
28557  2436
20307  663
24874  4573
40809  6007
95106  5133
10959  4130
35203  280
60697  2403
47788  4531
34882  292
47946  6498
17048  6523
30002  5644
60355  4602
52084  7489
87386  5356
98198  7276
17717  1999
87119  3824
16802  8564
15275  8989
15594  7730
55820  1526
66831  136
43824  7585
24931  1630
92116  2812
69992  3329
19187  9080
99355  6312
85271  7746
61712  6760
54323  5784
23737  6029
63807  1856
81522  8134
94257  4001
21047  4676
79645  7299
31823  8943
15207  5414
50042  5521
40994  4006
88208  1280
36924  165
46376  7902
50704  4666
77418  76
18837  7122
75990  7856
35077  5822
85009  8315
39410  4099
81063  8310
2111  9417
817  3228
67229  8328
48350  6913
66692  7412
6394  4711
8687  9507
57034  2309
26442  8926
33163  8897
13495  3773
84021  9070
14536  333
56675  1646
39903  644
93330  9844
20668  2478
93064  7837
33908  9980
74009  124
71819  3741
44042  2782
5762  7833
60548  5560
38964  1764
8320  4408
38129  8384
61414  6859
20405  4118
60841  425
94567  3835
45060  2784
47786  5078
53486  339
66353  8652
29562  85
88032  3498
34585  1589
98099  9882
16786  227
24440  4725
5647  1005
97172  1998
10936  3978
65146  1540
81849  5649
94365  9981
10710  3807
37784  7830
3267  9492
55105  7529
64954  5088
82686  5549
71357  5217
56384  3455
33318  9461
38698  9240
78465  2547
90787  2458
9236  6485
76716  9308
97778  894
58963  3405
56392  572
17560  8363
33574  2771
56840  1434
31390  4165
70751  312
3105  5238
59609  6851
83365  3953
43857  4102
89165  2513
61728  1327
85430  7851
33159  7733
74561  215
8085  7997
98570  1940
54408  1842
33718  242
2834  9186
41097  6846
54446  2302
36178  8494
21269  5787
44680  5970
44813  9240
94361  5403
46127  608
12733  1826
58808  8811
48436  8487
5335  7738
95565  7726
90912  2628
9083  2049
61193  3541
77800  8421
4585  1694
96539  1037
97568  970
79115  7281
67260  7747
12517  1387
7729  2972
8936  6573
46229  3305
64769  5178
5132  4819
87504  7340
12504  6193
44962  6878
22648  3200
52681  4931
23202  6302
98708  7080
89092  5705
63029  4062
97034  1658
74590  4719
53580  5969
79647  54
3784  9612
33827  4078
78569  6937
69577  6187
20359  1026
40805  3826
17265  5597
9078  2873
84438  6322
17373  6436
99229  842
88049  6224
85118  5825
71780  7603
58482  8100
55942  9328
51261  8656
92468  6903
90113  7924
70429  6806
69861  5476
38251  6248
30077  1534
65481  984
28563  1820
75577  8461
91767  6843
44403  79
52147  59
49300  6730
62692  3085
76412  9847
10070  7113
67349  8570
63046  168
84229  6818
1902  2515
47929  8961
56114  6563
63267  5494
67904  6815
98893  9639
51980  9578
61261  388
74649  8178
42430  1615
27992  3086
15004  7988
59407  8296
83167  7049
35164  6363
16110  3623
65550  254
42761  5745
49441  2440
75733  2081
4593  5820
87542  2585
68265  2290
78359  5554
59950  5301
71837  8006
63324  9351
36018  82
89132  4040
8364  333
90856  4077
56849  2176
93491  1221
28100  9732
68404  6467
6568  5787
52783  4522
