700000  1200
34578  1571
84560  7718
53619  985
95956  8215
52044  6374
61595  5361
70485  853
65233  5644
21086  8061
35581  2013
43418  7206
51369  6836
13640  8462
68744  3781
89355  6137
77691  6924
4112  7658
96540  6455
61594  7552
71785  2954
35401  3326
75856  5170
58180  130
22776  7086
83006  952
54713  9379
90065  7792
9166  7426
88019  1026
42920  9335
32286  1048
53658  2850
65313  3544
16068  8262
93443  8178
99081  9766
43380  5111
16709  3590
18140  9752
34100  3782
72178  6897
56025  948
91414  274
94619  7558
41354  1863
46564  7641
46893  2262
78427  8870
77753  6337
39541  8413
54450  3806
50591  7236
78108  3612
13374  5429
12739  930
49364  848
84152  1538
75241  4469
82831  630
77854  5551
22925  2696
15465  5607
1054  9035
89784  5899
88135  2695
85203  7829
19175  8445
54723  2572
46459  5758
12602  5274
97747  6901
20115  8524
65560  4695
62968  4683
8319  3410
90384  5480
64283  8342
29931  6442
24744  5126
66252  6254
18517  9826
52464  7123
82106  4546
42218  4922
31282  2046
58519  8424
31673  3150
13287  3066
57894  712
80587  9370
98525  3404
57195  3831
94452  8786
82997  546
6581  7630
73028  8351
58153  6965
28273  1890
98411  3423
8387  5140
86963  488
15507  5008
47812  3769
29543  8455
16052  1982
92001  6203
55970  1493
37159  5098
53554  8671
16534  8876
16546  6697
83415  351
16719  9598
5832  2962
8555  5266
72324  1842
88200  733
43110  2817
45697  1791
44275  578
63014  7991
47813  6291
38262  7771
94779  9553
58942  7047
20606  4358
33679  4635
79642  8513
500  3941
80761  445
6032  1636
90823  7851
82001  9568
92556  2502
13211  8939
77413  845
19894  9618
24199  5972
82034  1939
2842  822
45215  7192
68862  6447
71847  1137
89942  9778
89211  5110
12272  9543
70787  367
13084  3634
51183  2771
19127  9864
3119  3147
58992  7436
19224  7625
14355  361
52687  4782
18074  3659
4424  3105
14436  800
81966  3994
45814  2107
5722  4330
52791  9366
85207  8522
13804  8714
21959  4421
14578  3627
59108  7296
6291  8400
3696  3037
81513  5904
5703  6259
59520  1918
79255  9413
96855  8901
50505  3195
36740  93
31904  418
4453  8426
50569  8405
35167  530
1806  7122
7759  4351
12098  1189
54472  7285
13951  679
43262  1444
41615  8868
76206  3393
87303  4020
30915  1519
35470  2296
71498  4723
55936  72
50576  8816
78498  6104
67374  7943
95552  3720
6954  6028
19642  5345
20373  7796
13436  6404
91810  5108
74871  60
45569  6178
46526  2677
35291  3516
38132  8239
34177  1499
81490  9469
14873  5417
97748  6406
49677  1801
1925  7387
99764  3390
5204  5950
22494  8007
33778  6384
50744  9490
28767  3092
86149  2842
88273  3911
50520  1191
64315  5071
3822  4585
73101  7463
13896  9438
19852  3655
71144  4458
18842  4529
52810  1281
25667  618
22313  9282
7369  6913
55175  4925
21038  2142
42589  7121
3221  4719
14604  1944
91654  1047
69515  2691
3942  4337
92386  6206
55767  925
21788  6933
44525  8135
38861  1162
4472  3478
78122  397
8213  2566
16069  2856
19685  899
95271  4366
15465  9258
1870  8088
37988  3056
20695  2442
72684  4325
66616  5267
3664  5538
45992  5521
79822  415
74252  7155
14119  6145
13367  2588
60401  5263
858  6331
30418  8010
74658  1341
44000  7561
83249  4678
31166  7382
56765  429
71699  5757
74587  3750
86868  3495
75574  6786
9372  2781
82206  3862
38888  6871
93032  4291
71678  7603
63720  9048
53654  8421
50565  7960
61775  2982
72809  7796
46642  4001
5862  354
79631  4531
47090  4922
47804  471
560  5644
71935  812
19885  6111
35044  6827
99548  8163
83577  6215
56223  6706
4845  5507
65511  2295
8685  659
35884  8754
35461  6920
53463  2036
24683  3030
42286  9822
25394  6746
77350  8953
26137  3286
32817  7088
13812  662
70637  4531
64394  8665
79788  1299
19172  6013
4546  4036
12318  8664
1049  3875
66826  9522
40570  5939
35427  9104
70007  2973
19373  6752
58413  6091
85108  4805
22556  7247
76132  5565
54609  3105
67524  145
13856  2682
47819  1055
1654  4724
93705  6553
84817  2654
54869  2021
23230  8016
51325  3460
43018  1338
77785  3727
13430  1092
11005  3184
46501  298
83798  2389
89128  670
29249  1413
47829  9262
83613  8594
96942  6664
5363  8383
46306  5137
98076  6264
80854  8709
53269  4072
22119  9432
75335  9169
966  6009
14193  6718
76839  2527
19488  791
43070  9815
35052  2403
2714  4653
85952  4348
41590  5058
75984  14
57769  1983
35734  4442
10208  2279
57129  8942
92846  3111
43724  6364
8320  2575
12523  523
2398  41
57088  1812
49948  508
20759  1467
68185  4110
10816  3009
25446  4218
93884  8813
47447  745
24227  275
8165  7137
5443  4176
21333  6495
51283  5479
55276  8456
55963  487
73470  1231
20043  2586
15805  5464
49796  850
79559  7225
20338  9155
66432  3186
39868  1943
47163  6285
58996  1221
55250  5563
69979  8380
12526  2311
32599  7811
58984  9624
79681  1369
16048  7144
59613  2875
50790  2347
74409  8921
30331  4750
686  2386
79077  2915
90639  1341
50231  4823
40421  3573
41903  3972
5869  5953
35528  6467
81586  5550
69288  8691
24979  4805
52623  9430
53053  4545
88346  9429
96886  9407
54385  8952
14880  8994
20942  4294
22358  1291
71560  9329
57223  6865
25590  9405
54241  5413
46586  2128
16589  4791
31505  1427
11381  6329
80174  4166
28644  1226
79772  6116
50594  4224
95180  7738
38186  4556
88583  7919
68384  5667
30091  2392
266  1121
94037  5096
96447  9125
34270  3487
42315  7327
98674  1673
8372  7957
26723  3960
7685  902
73147  6576
43782  3707
75537  1175
97336  3680
46823  7622
90390  4941
47667  2382
13010  8951
32330  4326
52141  9819
59191  179
42667  491
84332  2674
13897  8289
41543  3327
40453  3623
44706  5787
92118  7581
92955  7319
69532  8956
512  4853
81329  4577
45232  4613
80546  6709
51915  5816
87145  4630
4261  7137
88143  4070
44224  2128
276  5477
59483  9029
61414  6603
89876  1163
60024  9144
52443  6118
56058  7357
91642  6730
21739  9876
72930  5134
51230  458
5905  6667
2007  3970
33251  1595
8606  2363
10007  3195
31402  304
87107  304
14776  42
40188  4351
38589  7656
8193  2361
49914  6295
71267  8748
47082  8262
18274  342
93976  703
61433  4383
96986  9866
10371  8456
28063  6994
39348  5140
22035  4582
43974  1309
79947  5047
27241  6592
13366  9046
88642  6940
97557  6531
28201  7550
49233  5185
94804  6422
54711  1199
75546  5657
18770  778
95438  6852
12919  2879
92304  8975
1570  6758
50939  8931
98736  9672
96220  9671
67680  5827
88130  1066
64907  7437
7938  7096
23860  9245
20102  65
49507  6170
52908  5943
10737  8573
39900  170
2019  8844
41038  2905
49926  7738
24084  2079
36968  4673
69947  1644
54867  3105
39768  8294
16343  5503
61614  9392
62180  5962
7287  4415
42987  5310
80461  6853
75600  4205
20120  6336
19325  8935
76862  1633
55937  9193
53011  9544
98894  6082
94766  718
68418  4544
93242  2175
8543  6308
9962  4027
59257  1281
40421  6903
99783  2097
1528  613
86763  6503
54161  5288
70253  3894
43087  6996
51474  8212
45912  2948
31255  7131
88142  8537
56177  4943
72096  2165
10002  3407
46469  1657
48511  4405
26408  6755
15099  1915
17494  8389
85065  9713
66808  6541
33211  9384
33449  8259
68441  7962
68956  7672
48304  5114
21386  8139
62521  8689
3817  3839
22750  7466
50727  5196
82492  9581
57589  1818
66802  5590
79392  4624
44007  5281
20649  7597
66961  9978
62406  3724
6600  2017
97651  1214
33337  7312
42771  1734
18684  5019
58873  4189
64794  5886
22545  3227
33564  1590
2503  8627
15027  4791
70409  3204
50805  5408
93312  290
65603  7827
76134  4034
4226  60
22392  2133
9261  9996
75775  3302
44834  7945
82500  7329
64992  8956
13370  1511
65609  2739
45413  7503
59071  8643
39562  4557
43355  289
27005  6880
12298  1222
57364  9921
15397  7592
15233  7942
19209  3623
11227  8886
64579  4125
1954  8758
22241  1977
77041  1819
4352  1227
57663  5866
91395  4229
37619  9343
98963  7114
3778  9906
90112  7894
7640  3573
19135  435
76942  6043
1951  8730
95871  5504
14636  1330
57711  307
18290  8184
71902  4936
87177  6542
98921  3616
91324  2160
55298  4020
91907  5467
4519  1690
33783  6992
89469  5972
71186  8052
53305  8336
24939  3755
33314  6365
85534  4049
77794  5322
66644  75
9400  1647
13350  5987
73174  6120
78620  963
95863  8615
70874  7563
54290  8263
73425  509
98440  2075
68362  9771
35467  6708
92967  9143
28321  3106
92988  670
62544  9064
76633  1986
75679  133
96071  610
33836  361
45556  1884
55876  4758
41406  7297
99905  3100
40477  1736
29178  235
1015  104
39650  2369
12049  3306
64083  8610
12977  2607
56005  6792
47806  6288
73400  6066
6457  4357
1263  7070
71063  8244
54934  9746
64000  8836
46946  4237
22219  9284
58599  3497
40198  9441
37895  8559
73275  7509
10516  3351
28317  9721
80802  2110
88278  4582
51870  5020
34821  8718
2990  8948
95689  5129
29999  4807
23302  6447
90168  3063
87113  5216
3652  4883
8381  1740
30734  695
3095  6757
28044  3913
2490  2004
47673  5366
67320  4571
76342  9452
28758  3436
57974  9644
1849  6591
87836  4359
66923  4553
96003  7178
91707  8435
93957  2958
70709  2431
2295  8449
85280  178
72071  5226
4344  4925
60785  3050
6753  3579
89434  9234
75136  5755
61652  6837
74918  9180
83292  9783
87532  6948
49424  4541
25429  9465
9810  2886
73784  7121
34627  1854
44077  7993
50448  7237
85633  8081
78523  7197
93913  8457
74338  4984
18447  1864
85697  8640
13916  1139
42037  9573
25379  2897
93283  1697
90152  5669
31778  107
39941  5789
60716  6598
47078  6336
43258  8508
71842  933
51838  5628
87135  8243
26311  6247
66572  8816
29997  4704
12920  6941
15686  2547
14759  4732
69733  6620
98140  2608
47747  9883
4652  5256
75022  4346
27114  8330
6918  4261
70379  7299
8231  7003
74447  4773
55214  4940
20930  7831
6778  9885
81390  1812
48207  3172
39672  6075
75471  7988
45696  6082
68253  3033
63865  1858
6124  9038
42433  2414
27921  580
96596  2402
47011  2246
45890  3618
1513  1226
20174  780
81666  1569
56264  2423
56402  9807
82691  3493
12837  7207
74783  8871
83622  3630
6727  3894
38882  1492
5947  3441
32024  8010
94980  858
8210  32
47255  464
21356  6615
4205  6013
86846  2350
23418  1822
6309  3162
328  4827
89893  9219
13159  5164
40521  9717
75291  9291
5419  1456
14692  8085
50559  5032
39846  5669
96704  9129
56861  7203
49792  7524
58634  8960
39025  7119
58340  8242
63114  8680
93353  8166
39639  9975
20218  4146
60588  9706
84253  6968
50819  2397
83307  9204
16932  5218
89400  2600
12184  385
71095  114
14839  7600
90258  5554
39654  8899
678  1856
34665  9761
55092  3801
2498  5912
61322  1892
63960  4387
74145  2078
64044  7042
55708  3604
64659  6962
93558  1408
76664  8302
64731  6470
53164  8652
80918  4063
79783  6681
46814  8418
63824  3630
11036  9717
49584  6329
71482  7461
11661  9954
21488  1220
95572  3974
60898  8286
81075  1949
17381  1683
19643  8588
96086  294
1950  4690
98477  9447
81811  5130
41042  1670
95304  8015
16375  9128
41713  7981
17299  5226
89622  9969
48992  7864
71218  5372
29680  7491
19946  581
19400  7383
70998  237
7295  7699
75315  8603
98489  9045
99623  5008
18517  7082
82635  3860
97495  7281
79179  5754
23759  3360
56703  9649
45556  6400
32493  7658
6042  8098
6414  7487
80052  8827
25154  9612
30837  7560
4416  3257
85819  3564
30105  4012
72452  8401
62374  5473
97543  6780
6134  842
54977  1381
55475  8728
73116  7631
6613  5166
32903  2838
58000  7791
92481  3881
84914  1236
30515  5761
52795  455
37439  265
56369  3609
51903  4195
78819  5754
41909  4345
13653  4412
35517  6557
25140  5995
32193  2012
99559  1489
90188  6670
98213  7430
46123  3603
62328  9277
55411  3615
4980  8684
46263  4348
79317  8806
65663  9492
38812  3386
91917  8947
3343  8313
37605  6751
35627  6583
28775  819
57153  9602
78852  956
89750  9882
60030  3118
3828  7340
96101  6727
98786  3658
67917  2231
4430  3049
33376  6935
83488  324
6054  4221
60603  5950
76744  3671
40715  5040
76572  2417
53145  5575
8994  2140
46771  9295
15691  6639
37706  8451
12044  2392
36813  6775
88135  7504
24198  8386
44007  3438
50178  6872
61429  1569
73200  2552
47849  6159
25472  8643
25669  5681
86888  2599
80464  4765
38349  8841
85111  947
40540  7263
1697  4363
1973  4071
12747  562
38480  9084
30524  2881
94758  7877
12881  1296
16356  9437
70866  8788
13299  5526
42202  6568
10426  8966
85499  1839
75436  6359
40720  6410
6857  8153
56719  3013
67511  2895
84790  2563
2263  897
5487  8609
3686  5987
23567  1223
83582  1366
25483  9883
27554  4401
16087  7448
19646  102
95172  9471
19756  2827
6691  2205
57983  9644
8242  4150
7512  6641
36052  3010
21706  9096
62769  5626
58667  8179
40335  1240
2173  3560
48524  7446
78627  6437
61358  8611
73236  7336
88404  1557
86853  8530
45219  7062
27789  1717
57740  6767
63542  3545
67356  4313
68670  9826
23394  8083
68896  4246
68919  2956
24672  2143
21427  6371
46712  3380
61812  2653
97283  8739
76298  5215
52185  5112
92838  6193
82439  2535
76917  677
6881  162
43190  7680
78024  4144
24730  3507
2082  2913
79582  6945
33714  2939
14928  4458
2178  6124
63371  7177
2817  1461
43791  5634
89318  9903
10769  4742
57423  2479
15688  227
36707  4747
94682  2894
56736  7623
17897  8864
26149  5472
6976  2620
66041  4408
61667  2310
16894  2717
67987  7966
64373  1156
61664  2159
42230  1638
12345  4436
41203  5539
50964  10000
27416  1855
40876  1604
60658  4473
24454  1099
10284  5398
57038  6152
914  2206
28766  3394
77265  1003
99435  4872
28368  694
50212  8510
23138  1595
31874  4581
25621  8826
27677  6241
62599  6110
11651  7891
9142  555
28604  2996
91519  8904
40499  7708
78148  9892
51238  4440
27738  880
40205  6321
91695  3592
43016  1290
49887  3343
88981  1566
99989  3801
63448  7406
8950  1954
54929  2046
4413  8324
92305  3335
85667  6865
10537  519
61537  4720
6609  3123
57977  2914
45413  4417
68144  1899
54464  8205
38854  7915
97618  2572
65926  1839
26165  2664
36762  8377
97555  1100
93262  8317
87234  2337
2029  3410
24487  2630
42846  887
7947  2575
10986  5646
17525  7477
7355  1531
13281  8161
87969  6133
62243  1802
64906  1102
36937  4847
49512  1024
50996  8721
50731  8347
32068  8903
52037  4469
9746  2309
51319  4727
77537  6787
40231  631
26186  1552
98429  219
99768  7405
24808  760
43985  1615
9112  4616
39989  3266
8122  5494
45257  3101
48161  4441
89063  785
1967  8975
