3500000  3500
15589  2903
21605  7439
36111  4920
88739  8064
6908  3025
88690  6347
67716  4788
91010  6139
6914  1462
18296  5240
37125  137
41322  7805
628  712
2829  9599
56877  639
2590  325
59599  36
62386  7296
2063  4666
55574  5113
14146  4471
73751  3751
36114  6891
87300  4539
13821  4730
80408  6168
15265  343
47858  9577
18570  1501
66784  4884
89066  7085
47624  4574
2768  1187
75114  3607
90810  6419
52222  7949
9703  6777
6974  8139
92648  6955
51183  6198
855  4453
8925  8321
91301  7908
66475  6793
62890  7900
51459  9720
17344  5430
67812  2493
56254  1397
86507  1849
42918  4004
44376  8872
83375  8509
21239  7766
397  747
41274  4644
10747  8006
20792  8187
90809  9411
85444  4133
81011  9736
47019  4519
20097  5350
60954  5457
61652  2488
4345  2118
54500  9318
47651  7502
14924  8363
30087  8325
93750  9913
73247  6575
59115  3470
99076  6610
53992  3725
88098  5258
30974  8477
70452  8848
75187  1277
7027  2555
47953  6233
33121  3907
94835  8219
62181  4218
82411  4225
20849  1023
4752  7561
94441  6695
67739  1261
23183  7868
2905  1092
27700  3246
79990  4849
98424  1026
33231  2081
62752  36
57745  374
6335  1592
55428  6498
66233  2721
69746  9846
54284  2184
73049  3027
42034  6986
71022  2017
31354  3453
73527  7484
64525  3630
73444  1390
52398  1205
48565  990
93960  1933
79647  9
4144  5698
33476  2353
64293  7705
17328  2509
70984  8219
6233  7325
52381  1129
1064  3607
27718  5928
41391  5258
95609  5100
32816  3512
77943  2230
51048  5375
29677  3480
94316  3573
98556  1789
69343  2784
75332  5869
43457  7023
94821  3779
87857  8060
45353  3835
11896  8469
34091  2383
95287  9772
45022  4749
51327  4480
84815  3081
53220  1299
91465  5994
58161  1360
15893  2425
81661  5038
69764  2070
65488  5793
98436  357
92526  9091
54660  8307
66576  854
41069  8973
15176  9011
25073  8915
62703  9549
90240  1444
31581  803
8234  7549
9928  1021
72388  2540
39671  4610
8828  85
63521  3390
31370  1997
88473  6898
67684  3712
36218  7977
73535  1792
31654  6109
88815  8530
15190  2466
70126  9677
86074  489
15717  6059
44448  2851
95048  1956
24753  4844
46097  9382
90673  185
97316  852
78398  919
88285  9529
51182  4863
95628  3396
46558  3224
915  6212
14757  1678
39224  170
20593  8553
56079  3342
39098  526
50758  801
96550  4996
46497  6666
20404  5499
80676  8408
88011  9014
9106  8172
59614  1169
99532  3584
48380  3253
1218  613
14825  6413
54786  5270
25794  5593
82635  2200
67524  5905
46711  3506
16943  5750
30790  5243
31443  4192
89943  3399
98400  7970
30208  8904
94029  8760
7002  6988
22489  2687
7704  9889
40666  4059
19292  6122
78935  1108
36998  4933
30921  6534
25533  4258
93392  8858
61298  4173
55259  4818
86773  9061
2374  425
69433  7756
701  6962
107  8509
72756  1080
43871  7019
46833  7335
41403  5405
16539  1689
85455  7464
63781  3019
11996  2703
60597  3456
89861  7013
49791  3203
91390  5205
80917  1364
4814  7989
23108  8989
9580  2427
51418  8342
60928  8045
84714  8560
85230  1755
55309  7811
28396  4073
43337  3799
34623  885
80389  7211
93339  1813
28654  2145
47326  4279
59856  3290
19192  9587
64943  4646
89359  6221
84142  898
46502  4412
1504  3779
1966  5644
33885  7631
77425  8361
66770  6294
93234  8258
17419  8808
75838  2500
11912  1463
94844  3043
79689  2827
76813  7136
94159  2432
39314  9339
90070  4486
62410  6115
78847  5834
19157  4456
50511  445
20511  4041
77760  4968
54267  9125
80836  4290
60039  9552
76600  7871
52388  7697
60676  3883
10807  9078
15964  1124
30161  2247
61651  7054
14566  37
52187  1278
41489  952
32056  6456
57712  2728
31196  4420
97716  1457
15814  5003
56381  6161
87620  6823
7025  4731
69866  6425
57465  459
221  9395
73074  915
48931  1532
39635  6807
22460  1400
73016  485
75684  895
70335  7704
28715  5117
36264  960
10252  7069
40803  9321
71833  5223
39047  2834
19094  4618
8426  737
79675  5052
78765  3323
16544  2234
87644  1411
56188  3044
19689  2032
88554  4798
4802  5506
27064  1308
82348  8575
11824  2148
62572  8288
92873  1681
49936  4003
73832  8102
42084  2665
80018  6104
6899  2435
5668  1779
77361  7855
9626  7406
200  1868
21273  1137
61952  1580
27535  1361
91676  6265
75226  2128
67757  2745
58958  7829
44005  7458
1583  6086
49544  5686
61774  8762
61269  7855
42270  7797
4817  1639
28320  2093
34192  1613
49721  2467
83453  3921
55381  7275
25684  5100
53198  2075
1089  261
91093  2792
67366  9533
99372  3678
95069  3407
46876  5234
36558  4360
91173  4407
13896  7808
61162  9551
60343  1035
95772  6949
3281  6638
62937  1115
85219  1946
64700  784
502  7919
3984  6881
30565  4768
38206  4629
27314  7748
9969  7647
77224  5295
99747  7380
50134  3871
64290  8853
41105  898
97497  9511
98036  5540
93343  6567
9921  620
33155  3237
34701  7500
57515  7033
49849  3680
8835  5356
92258  526
44274  3929
95082  5708
37114  1939
29221  438
26400  9473
93277  864
54987  2214
41766  1391
88438  9849
73658  8485
67964  1779
32159  385
19243  4786
47203  8093
13860  3649
2136  865
42518  3120
3933  8914
3921  3671
59841  3278
44816  1072
31773  1635
72231  7879
15448  7976
9990  5427
81107  6072
39099  8524
9768  8590
1538  6786
17431  1757
27781  1193
55334  484
81002  221
63810  9949
55306  3127
78204  6273
89310  5201
47935  2030
26172  7127
26208  5112
13974  5080
86535  5688
41369  9115
5046  7987
77530  3372
54139  1167
70086  28
64071  1017
24535  651
67615  3301
16568  9216
12182  4729
82715  9079
43879  4622
64388  5052
63686  9958
4455  2498
7496  9494
64797  8552
22466  963
28319  1762
58110  9227
65592  525
65034  9639
74448  3924
74929  7168
59223  7339
17647  3195
87910  7548
10418  7377
14509  7530
53354  1267
9202  3650
78923  1953
95782  6026
95534  1135
3274  5302
13734  1810
48186  7681
50515  2792
50582  9014
27021  9472
26443  1771
42640  9982
14526  6701
66157  9065
83098  8039
192  7053
30371  6635
74446  2678
13132  4541
32766  9060
70650  8154
90198  4214
25578  5055
88422  3412
15442  3854
1767  3367
1020  2208
12839  5666
86120  9314
77476  8985
3971  4453
8955  2792
5309  6700
18860  4457
25015  8661
50225  1430
21527  5874
68027  1593
24611  3364
78237  5036
48225  2725
71453  5964
44570  6660
69336  7895
85884  4056
8924  8453
48536  1217
83195  7551
59162  9284
58493  6903
45538  8746
79368  7661
93175  4091
57536  4902
4342  2923
79180  7155
38111  9695
63107  8607
78106  5322
54872  7962
38130  6120
24035  5819
66673  9524
74620  825
61091  254
31299  7530
49152  5179
85421  25
63550  1310
99051  7824
16020  3776
38229  6155
51888  7245
98323  9328
49454  301
92757  433
3744  3984
2557  4864
23538  1463
98718  1388
55710  4525
54824  7685
82283  8164
47819  3972
52151  2956
20525  4966
22535  3213
8822  5529
19637  4299
93572  1051
95768  611
21804  6722
9103  5151
30752  5104
57321  1570
59313  9264
35899  1144
69352  976
48712  7990
99922  1892
16694  2134
47143  6654
45676  1757
43775  9071
12034  8584
64613  2442
42218  9914
56805  2160
41042  4054
70170  3323
88165  1794
16834  4676
7047  4186
90206  5305
26546  5565
72507  8515
4188  8646
57675  8404
21455  7697
51119  3500
37960  8373
3115  6004
86760  3973
97045  8731
89550  5668
3728  3828
68894  2682
90600  866
86423  3040
72609  2527
8190  2820
72656  1983
54284  2397
61663  46
58523  6817
79815  7398
31948  1028
37128  7874
71613  8036
24473  9328
81982  2946
29452  8425
88311  8870
27035  1414
62502  256
89097  4855
3674  3637
3296  5253
86632  5937
71673  3377
22875  7738
28167  9326
62210  9211
94852  1399
18436  7763
66157  7770
52897  3147
75080  3468
82100  6326
27861  6205
23085  3500
74408  8601
28903  7327
2839  9646
29875  2944
26812  5466
6270  8468
94584  7711
56638  1502
68318  3851
32153  5913
55866  2056
37514  3971
28816  2568
12106  3565
53630  6257
78583  1485
41577  4648
36743  5719
81927  533
22967  9772
90331  1383
20047  2511
63174  2592
53669  6304
96483  4864
28426  2205
92540  2879
25911  2419
76531  1422
86907  8364
4641  4322
14171  1939
69871  7589
98167  9068
85943  7638
91575  5029
45163  6113
94840  9558
76651  2991
36836  9349
48075  5854
89730  7165
53346  6445
42661  6834
34133  8301
85104  5075
54361  3423
42877  23
56251  3544
96912  6762
85737  50
94516  700
57593  3148
86155  424
81313  5986
64473  6101
48588  6133
89491  5711
59316  6227
31723  3508
19876  3255
78909  7887
10638  395
39375  5261
3276  3490
44980  3999
51649  4266
27453  4229
77344  1609
79468  4764
37158  4360
54368  6350
74916  8867
30492  1898
34806  1265
6444  2034
97294  2667
43697  8218
99620  5849
94830  2640
71472  4742
84580  7973
50341  1740
77851  1248
24006  7402
63862  3467
1749  6711
49928  8965
43515  9398
84014  5426
20832  4225
42716  8493
74123  1685
15405  6877
78034  9574
59700  470
64333  6017
31568  674
1010  8791
74045  7522
24871  766
18268  9933
47396  7635
83386  2649
31564  8539
77156  808
89327  5552
62167  3157
36837  2921
26746  2514
43050  7517
63482  4867
47515  8255
41305  1589
87622  5
88431  4430
21056  6709
48342  4226
93135  6615
35070  9809
10065  3609
5845  6699
7514  1914
73341  2440
69050  2690
33881  116
32975  9554
63009  4479
65523  5736
873  8635
89925  5544
81458  4529
91572  678
3874  1552
64254  498
65172  1933
56237  6459
60671  7231
59224  936
45316  4738
74829  935
88026  746
2062  7016
41134  4027
32122  4088
61007  9044
90976  9480
69480  1189
49989  9017
1195  8489
83778  3463
98094  806
78571  1974
28025  4841
27723  4779
50269  5672
26207  6000
74475  5684
78479  7416
30331  2618
46342  3016
64303  5973
95936  6620
98961  839
40712  5719
92469  5334
46612  6864
69336  3730
37601  7902
21307  8696
99172  6261
33624  6575
2978  4675
28328  1375
73892  5245
67608  2799
368  7626
95762  8223
72348  1834
80765  8050
74392  2662
69647  4083
54579  7714
96526  2436
88660  6607
74451  4134
80250  40
90583  110
50496  5672
58387  5054
87412  4022
51585  3163
8188  8809
53446  9142
32687  3297
70024  9889
44209  5342
47808  4955
20565  6740
59525  4203
35309  6237
10688  5424
39326  6900
34859  4495
13767  1119
22663  6966
98888  8712
32009  5965
13607  982
62606  8691
7936  2090
33338  3604
81886  8295
2538  5238
12651  822
99597  1335
78460  4156
13108  3781
52979  8505
38916  8407
73486  3279
2128  5883
94378  6425
56136  4099
72866  8831
93680  9712
96441  256
90962  6801
46767  7099
36532  5106
63670  8446
57983  9890
66143  8896
82828  5570
39481  6848
43237  8375
75719  4970
67369  1250
14025  1174
89816  3832
25357  7038
19047  4532
48473  4465
59447  2291
26974  1773
18636  7527
58780  3931
59845  7213
78030  9137
16603  2745
31939  3788
76029  7751
37114  4080
70475  4599
4106  3091
47405  4894
17490  6972
66704  6000
48860  8483
76488  8460
87369  2101
67262  719
76643  4116
30517  7489
34891  4305
15630  8696
40787  1964
36298  3958
45435  8133
70096  99
23904  7692
32662  5755
58562  3422
86013  3516
74722  3470
71107  1458
85458  3804
74474  2800
24973  5234
63491  2401
75978  1114
3950  9113
99919  3801
85885  4719
94711  1399
30299  5498
53264  6044
34542  8666
19831  8218
25152  3650
15074  7146
69106  7045
24150  8934
99380  2850
88087  7753
32885  3746
20839  9479
31449  2618
92832  1327
79684  3061
42704  9024
90257  5602
69771  3919
82994  4267
21519  2463
40445  1720
76024  3862
46096  3208
63204  8581
73727  7963
92116  3881
93291  1372
14724  5432
90169  199
46508  6663
69077  1564
80736  8504
35350  7589
10274  8435
36861  7764
78507  6420
1635  5340
3630  6108
18630  3022
63362  5838
75477  6778
32938  7126
43123  9417
81994  9400
87352  5648
11351  608
98427  4415
71045  1154
42340  5889
39491  9237
89910  1806
83922  8960
87464  5839
50604  7454
74775  5025
17491  2449
33413  8762
50732  5
42451  5701
81952  3941
76178  380
21520  2620
79332  1377
31598  7217
91984  6333
42751  2374
93200  7935
98458  6468
33855  1245
6178  2978
90880  7730
4377  8398
26294  2187
78870  9109
98250  811
97560  5679
48494  8488
70337  2496
76544  7023
34953  6828
96509  4695
53296  3192
71994  1786
51466  313
62886  1992
11290  5381
23269  1061
45456  5454
57906  9450
33717  4622
41597  618
62109  6887
57814  5782
65017  9488
42350  6637
33599  7062
36452  3705
78557  9783
5846  9119
74580  7307
35792  1083
91068  2924
5404  6388
55702  685
833  8566
56213  7837
34096  5555
45195  8404
34082  7520
41058  3822
65704  3632
40469  7269
86221  7862
79974  434
2230  8388
5874  1599
99301  3027
63649  3611
18713  1282
49035  5895
73329  6955
45020  2761
32620  2111
57299  1309
7974  9978
48324  930
4376  2490
59653  6304
37009  2956
37130  7215
67933  2288
78329  3800
85559  5948
59738  6432
70999  6651
41304  8950
77324  7215
3699  9854
4590  5956
44383  5979
43044  1952
94023  5064
71455  5647
3154  8725
2933  8829
65824  6830
17896  648
32335  3849
87340  1395
62088  7783
74359  3380
2778  4943
83093  5638
14294  318
35649  1251
86775  4149
89426  3118
99250  7728
52995  2737
81972  8808
1266  6403
26273  5563
21750  1808
4874  2705
8269  1811
92466  6264
36618  3060
48921  3068
30897  4863
16740  9906
74195  5270
16621  7421
73810  9455
28119  283
95386  8119
58313  1566
35010  2981
52728  2495
57811  2085
26705  7110
87757  6982
93121  569
73694  5987
83211  2423
71939  6345
22969  9567
72199  7089
75942  2920
37106  377
64387  9739
88056  4047
68413  6973
1263  7763
33023  3923
54948  5219
30776  633
23575  2031
72941  8753
21580  4456
5271  8384
49371  9380
32161  3616
81307  8184
43218  6843
94475  5404
19582  3862
57542  2636
54041  6958
56712  3181
68512  2293
11284  2231
60820  7431
34481  8169
55754  6798
67128  9730
33032  7854
45674  5565
71093  9530
66541  8762
95948  8977
26128  7508
62156  3533
33648  2663
72894  286
5050  2718
19977  1071
26976  7227
83419  8962
54768  5240
87878  8602
52468  3487
30309  9868
2671  3809
13323  6495
36915  9924
5036  3294
19403  7834
35781  79
15597  3804
7722  5895
96213  1415
71657  8856
32878  5908
77553  1595
96151  8508
47664  3050
72636  8511
87690  5376
46942  9736
63109  1656
52891  3636
34216  6221
43783  3547
73679  4241
11774  9226
53667  5164
39545  7609
27974  3973
16116  5000
68235  6876
82274  4844
57969  5336
94982  1929
80350  2470
99133  491
62765  3713
28051  1549
63980  5814
64231  2185
5784  4491
20722  7212
90071  1608
22227  7960
75729  2166
56537  7052
25319  9349
28720  3529
47976  7891
43175  1224
87559  9110
12679  909
61942  3082
4492  6087
60078  4866
94678  6058
42776  3105
60129  9072
24085  7996
7356  4699
9059  3161
58853  7422
71527  17
19568  4425
32754  2854
89988  7673
5251  9530
38118  5356
8951  8601
81719  5817
43242  9723
21701  4960
72386  5916
84759  1349
8198  6460
53344  5830
64116  5529
44123  9801
48714  4845
20241  7080
18323  110
88365  4394
96500  1129
78880  5402
95828  5294
50667  3034
2820  4895
40800  3429
34392  9562
70727  8477
93617  5969
63310  259
49962  1285
4925  2758
47473  5046
9677  9689
44835  6639
65073  5335
20711  9344
1343  8961
35315  530
96231  8090
31889  6692
13811  9346
42402  3230
5399  9668
51160  5166
55890  9651
40382  3812
89391  6650
18279  8553
83492  9314
1311  9923
35962  2318
14834  5874
94052  4156
23052  9524
73841  9707
60738  6159
67193  303
71796  1014
29292  8730
92954  8340
89514  7772
99166  6250
74050  9877
7968  8497
54707  7515
78353  4346
6968  8948
51204  699
73962  3148
76491  7096
32091  2173
11297  7306
70857  6057
15448  5813
79146  5518
6538  8714
98969  4083
7873  6995
26792  4027
28414  609
5908  7783
76730  9152
16535  6348
88209  2956
88248  6368
4747  7063
33971  7565
38816  6363
87142  9970
83344  4529
70054  1940
27958  4866
96406  5318
63902  5468
61997  8936
78725  9051
929  9906
92032  5474
56244  7503
36083  6480
73888  7641
18170  7065
82418  2892
27176  5953
36152  5671
47151  9648
71018  3690
99873  9703
74076  4231
76043  6340
31058  9624
72562  4715
28210  1063
18773  4832
72660  4168
88581  3844
95436  3791
25872  6200
2072  492
41353  7345
61848  4049
97628  204
32022  5336
50616  7986
7080  1026
89637  9984
12996  5168
14874  6285
59717  2661
83461  6981
17870  2062
26886  9761
87374  376
68214  9558
63323  4153
76076  8911
69105  3224
32607  4610
63995  9130
52707  6971
32162  5177
98547  2601
3954  8770
67905  9977
58681  1172
34317  6267
53181  8865
13643  389
93534  3281
43278  7081
99986  3697
86872  7534
48494  1144
52820  8685
99583  4088
48946  2769
12904  4099
90828  453
84246  8717
42527  3389
89458  3628
38026  7331
22697  2340
14518  9078
85863  6425
31553  6025
6867  1604
13164  9906
36970  2779
7212  3723
10781  9093
38240  7140
89645  5161
93366  8320
1688  4035
25434  6103
9799  3667
20966  9310
54808  7611
5950  1290
91297  8066
95372  677
66605  1783
32081  3553
20866  7521
53573  2355
12811  294
74152  613
48562  8347
10862  4328
55824  6466
71971  8712
79049  4131
73542  912
42413  7588
40179  1675
83584  5239
15316  3753
46998  319
36933  2760
19406  2456
88651  3678
39252  9273
42635  4422
83913  3410
4659  9116
6149  1257
53373  9483
90684  8361
24809  6112
24532  8645
97925  8674
45141  4060
34828  8352
30974  6495
2017  2091
50871  4700
4697  6531
74815  4433
8129  6536
89366  6053
48984  6292
24574  1960
18146  200
15286  5716
67056  5647
47031  5295
11760  5373
82451  75
47951  803
14819  8033
9052  2228
61073  1950
39782  1630
55953  3215
12636  5340
76546  4679
35952  5633
68770  2738
86440  2433
13472  6979
22023  5558
49276  8017
24877  6946
13556  6691
12570  3362
7677  198
93579  9373
16007  3737
6477  1172
76121  1038
3553  8106
27841  4918
44382  6201
6407  409
51680  2205
6813  557
23659  6327
21006  4654
10561  7081
45215  987
67010  2130
6618  3321
7981  4976
83288  2278
59043  1250
18624  6116
16369  4623
73690  7
29837  718
14511  1733
71749  6303
39381  3047
75245  4539
19008  9331
4462  8995
68221  4439
27881  7710
5682  3253
4340  7668
56342  7701
70374  2163
40273  3495
77523  2848
88350  3566
34300  6043
1095  5793
339  9929
38780  4144
83149  4374
70302  4416
87521  9836
14050  3712
98252  6530
63656  1825
51776  8439
76102  9022
65253  7024
35639  2644
41256  4157
76970  1691
88562  8964
19285  3882
64232  5329
65638  254
59735  5268
86203  2862
9291  8330
38759  8265
42673  6801
31533  3749
14779  7219
99495  9437
73948  1308
28427  2933
38446  2089
58348  8216
99983  1326
65232  6027
29404  4590
66827  1748
59964  2898
71730  9729
44947  4913
39409  9263
31353  358
42146  3987
71287  395
97217  5402
47905  3323
82957  3952
50858  2740
52847  6608
75318  8035
18340  2971
53441  4001
40547  6156
4610  8753
23651  3498
27580  4399
90576  7675
1244  7635
92174  4265
63093  1467
81511  670
12376  7949
35091  9564
67868  7361
3136  7552
51862  6555
16967  6413
71353  331
66358  6563
74992  7832
72334  170
39968  9484
70304  1632
31266  8339
94923  1117
24724  7233
3894  8272
22899  8616
83756  9594
18162  7204
82688  5749
13982  1752
17557  1758
49153  5893
8478  8443
64313  3967
26733  730
12549  8802
31266  2563
74179  1531
92450  8499
52971  10000
43224  8563
15812  4224
42647  3987
80272  3043
25537  1728
59855  930
89070  9496
16466  5156
18929  392
88770  53
43421  9352
18751  3777
85987  6548
34150  4218
91730  7666
73489  5912
88550  9265
66999  9560
81987  2142
18074  3535
90552  7204
92840  4906
47115  8864
92979  6791
23502  9217
53699  5070
67795  2029
86718  9228
16854  3770
79921  6312
42447  3035
36019  8147
44040  1013
86349  8841
61331  6516
99015  6503
11081  4000
49018  2765
92252  1228
28339  1927
11589  534
11938  6325
25963  9884
68399  8274
70501  8293
43112  366
82033  496
35589  8227
23107  3268
9702  6479
27506  9873
78397  5134
14846  2441
1541  7868
42746  1895
1270  861
87523  3610
77557  2724
33606  5202
63790  7104
24284  2247
73688  7307
18732  2796
52939  1375
54684  7821
17572  8539
98156  3701
89156  8095
18540  9615
81165  8744
24164  8093
94832  3201
45875  1116
72007  628
64472  985
99134  5802
75410  762
90281  5445
87368  2696
21043  3951
3382  5152
65671  386
44621  5728
17448  5768
29434  2829
95387  5814
28797  3449
72926  8369
82162  917
18873  9714
45398  6520
26850  386
18172  6925
74103  7738
68735  5097
30567  4916
24844  4349
19734  5767
17235  9721
93424  1321
88312  5103
4441  8749
3741  7190
38916  558
39590  2463
85049  2113
91835  1370
83893  8907
92707  7856
61240  266
35478  7128
7276  2836
54553  5110
43290  8147
45155  7658
85361  7165
14204  2910
80450  9872
11016  4913
80124  8917
8174  8285
15050  9153
89432  7986
21770  4251
27914  8656
742  8952
82013  8820
12198  6331
1148  6815
32950  1324
50400  6117
21839  242
69836  8931
10367  1771
28487  7568
11859  5275
83512  8562
10852  6616
38289  8570
59740  7678
22566  6989
75499  2956
20302  287
35583  1969
51563  950
46646  9425
25938  5363
31102  9926
14829  5025
64509  7144
15527  3158
81778  2270
70036  6927
16263  5389
61577  7891
28966  7834
75567  961
84334  6408
30354  7871
60718  2578
88525  5575
48030  5345
77833  3682
61996  7258
66006  4057
61219  3020
28916  720
11739  1949
44659  269
26321  2551
57321  5786
59059  4275
65049  1718
99084  6603
61289  553
99091  783
31226  9658
22570  2296
25792  9185
22383  7226
41790  693
33492  7896
17911  9969
70853  7338
42273  4114
26607  3150
19289  2284
46071  8692
87005  2998
10763  529
98079  9848
36469  9719
28568  246
75398  9410
75271  5945
10877  9840
14921  862
33268  444
44277  2936
94039  9552
60636  3237
35763  1039
87963  9636
16572  1701
81103  4606
66531  4076
60040  6636
74510  77
85632  5983
83166  3884
59319  9324
231  4596
12913  3558
15340  1043
25661  1130
55741  4477
37593  7896
78127  3309
36435  5781
62431  5958
69806  7055
37721  7900
53035  1828
22490  7903
13186  3024
8941  6637
42913  5822
69190  2256
15358  2997
56322  2926
16758  9960
18903  7986
32535  6126
90255  3490
16599  9438
44387  9981
13462  8277
6923  4016
43565  6010
47533  5227
97370  7091
30834  231
23996  4074
26497  3973
14625  3013
45932  1329
26074  5364
12920  3023
78589  5186
14759  132
85924  5932
91958  9609
27956  2827
16859  4673
39707  2087
88025  1607
46974  329
30792  972
70126  327
27300  8893
32707  4512
35151  7666
67328  2997
87772  9950
66411  788
52929  2881
18540  4678
11902  4485
13553  5851
41295  4251
38144  9648
57394  6562
75953  2164
32055  4598
98650  4242
27896  8939
5272  1847
95392  7831
95670  7535
91894  6951
49607  341
99549  8652
59071  6018
83272  5423
42881  8052
84111  6756
46080  1273
41229  2224
90124  4619
80483  9671
4821  8180
80593  7663
13335  220
51714  9293
49505  9775
36935  3391
34772  8522
73660  3692
90733  2455
578  8130
90309  9772
75859  6456
17040  6674
60765  4796
34630  1214
36163  3051
48801  5458
50103  4513
75082  6131
9283  20
77281  2664
80800  8894
19618  600
46223  8123
27811  7724
37599  9720
64516  4642
20730  8476
76703  4766
88107  5645
59245  6301
10074  127
51429  6765
16044  93
73331  7467
30215  445
23862  3307
72332  9587
84037  3377
20441  4062
28917  1791
64508  7492
81462  9648
24293  9510
40456  7572
51443  6054
47291  3973
76356  2416
48529  1164
744  2332
57147  2671
97674  3480
30434  999
37807  609
1470  9445
99944  966
90356  7404
50121  4636
62216  1672
58839  9178
72293  3837
87061  7245
77952  165
91382  9578
65336  3043
79353  2705
77582  5241
21329  619
54472  7167
17662  1360
58365  8895
88033  4413
88316  2027
55943  6774
3278  8642
16511  2169
95792  1826
10662  2885
60241  5983
87054  8867
69593  6597
68574  2482
30548  1351
99461  7586
36204  3815
20320  8872
81582  7112
91773  3111
609  5387
18069  9559
6145  8525
62992  5898
95135  2525
91224  5248
72206  3059
51095  3879
11748  5370
77060  4970
58818  1462
77360  4305
27346  2670
34849  5833
60093  9976
78615  2650
27513  3493
92937  7457
25058  9091
40739  9111
28703  7215
49392  1051
15659  8451
64464  2035
82942  1731
67935  4992
35627  286
26043  4070
55377  7223
7650  1753
12930  5172
64646  7993
20287  6330
47881  541
12651  7217
73638  8655
69163  8261
71082  1511
88348  2485
97788  8121
25451  2671
2661  4042
80531  6534
87463  9625
29785  3860
570  943
20069  4448
66504  6811
14037  3839
1868  6282
39912  9115
23770  5270
70455  5263
31278  4674
96151  918
54021  908
33662  6770
52395  3789
79564  4628
67316  8361
64172  4955
21411  2775
8577  4717
64047  939
78792  3317
50343  8120
66426  1044
55370  2830
99599  8672
59460  5722
57543  6532
47390  2141
23848  3765
80731  50
44648  2237
57630  7601
68174  1843
88196  7749
62553  6796
14820  6386
33408  6073
33679  6879
3989  7592
75171  4560
27993  6391
27899  3949
13851  1722
62754  729
59051  4089
99300  2028
43594  3710
24978  310
23617  4196
21780  233
69076  4972
74220  3839
92641  9621
24989  5376
87072  8210
93813  6149
98609  2303
92762  7782
21753  5010
75941  3219
91126  721
14543  7825
31933  430
8151  155
12829  4770
59055  9157
29285  4325
34732  1240
2134  2275
45715  9912
39087  1235
10843  8852
14134  2441
8756  2242
33666  6659
39206  7560
98587  7148
19770  7909
99439  2701
7269  5840
16646  4802
47282  3797
98370  6987
46675  8234
82643  8760
49233  2783
75647  7233
16266  8042
39374  4103
72508  9515
52016  115
50405  6180
5445  6462
15476  3870
51925  7354
34741  9908
8881  621
45451  4034
61168  3401
57258  7409
24510  3848
68119  4097
74451  8816
75804  5304
58829  7705
45391  2057
81688  1940
25662  2315
51626  9829
98464  2563
35245  2284
94825  9413
93736  3507
68208  836
54428  7738
47714  8570
38305  9352
29527  6742
47600  9164
92510  7213
58371  6033
58955  4615
70023  6766
58211  1562
99567  9293
43246  7483
11894  8852
9451  636
30312  9882
53220  9431
78685  6810
67432  5443
49649  8686
42818  7825
6243  3421
80096  1850
4995  9917
75630  3513
44727  4206
31724  7427
37264  7300
90129  914
37486  5023
27163  9223
22871  7439
45404  1291
4344  1037
99483  3061
74312  3729
24004  9481
79604  9110
79179  8980
87754  3327
73735  3747
21688  4351
97017  3279
39964  2600
32173  9597
80833  4752
21063  5719
39920  4101
3830  2838
81423  2242
9401  6715
90379  5248
80251  7060
73431  4919
80108  2945
51069  1410
84375  6346
13053  1575
27747  3458
21259  3334
47204  6149
49804  7795
82157  5373
79536  2564
97003  1150
46623  4643
12598  4524
7082  5712
96469  6474
51443  8449
10464  3712
97652  2827
81772  2177
94368  9196
54084  8030
75563  2315
8027  8914
13688  9774
8194  7470
70411  4920
67716  9338
58838  3340
37649  3973
95509  1989
1486  9443
61567  2339
25771  1859
81299  3420
92898  8869
73541  5112
32888  715
14229  6485
60588  5193
15569  6463
77897  1738
66947  3616
16081  2747
48964  6903
58849  9996
35349  4337
9047  7256
83573  7421
28812  4313
56912  588
54988  1181
67131  7492
30297  782
84086  4124
73813  2947
89836  3935
5456  1866
69227  5787
90748  3295
7489  2253
6713  182
89755  1742
30929  7201
77736  7996
77194  1473
27618  3344
16929  6497
97632  2559
48047  5084
12882  8668
62086  9265
6562  7576
769  6305
32841  9388
86689  4393
73261  6639
95272  4003
42050  4654
58707  6773
41932  4490
44862  7079
710  7228
65670  7894
89246  4169
25486  527
66419  7713
43002  7183
9613  8998
63067  3599
38393  669
46711  4779
66865  5165
52460  1315
51744  6143
44709  1356
76893  9084
89195  8734
54976  9720
68430  4024
22908  3437
99362  9650
69192  2268
27176  8800
52067  5552
60432  6556
61727  1802
49098  5045
19432  4183
14413  6837
55581  2736
57771  6272
36043  4746
71490  8584
2649  5867
54814  3649
25930  7339
3087  8590
35192  4363
9970  6124
89235  2191
21853  2352
85813  2130
6720  2629
38578  4304
89532  8515
53821  53
61074  9184
34232  8233
51474  3618
78008  1370
27059  9660
80133  6609
4084  234
31540  7910
34588  666
93031  4917
23583  8104
61913  907
45037  9225
70419  3838
95227  7789
759  7225
8668  8915
28981  7805
61931  1691
87224  541
6209  3859
41356  2134
56113  704
55323  3130
27010  8103
33273  7654
12698  2844
55660  3959
65427  6723
83520  3701
38808  3549
72976  7514
94887  9186
54548  8680
63007  4636
80902  1006
53915  7149
59669  9302
94722  5618
10885  1389
18669  9709
22779  2821
66878  6647
68348  3160
67779  9099
29585  4757
72364  3345
2516  7208
64321  6877
57660  6557
31346  1197
66407  3106
6789  5466
69915  164
64465  66
6572  9454
11760  6481
79422  3434
76168  2903
37159  2519
94482  5858
85407  5272
64145  3819
86373  1354
17381  8079
54343  6946
32455  5707
86969  2934
25043  9241
83107  1371
20467  6065
7730  8635
88607  4054
55002  7590
23209  9321
41879  9874
5753  3964
42057  9325
21581  7836
81546  7428
74830  6317
31343  8792
98310  7879
47558  194
63827  8251
74140  8971
36943  4004
79084  519
35301  7245
96643  1564
24347  8124
31961  8891
99106  4039
61437  5506
3829  1004
6323  964
26885  493
68167  8292
1428  2718
31601  6594
69246  1510
75980  9281
56781  8640
15555  3433
91453  1100
75708  7620
6359  7462
23330  3114
27823  8148
44640  6068
54728  7719
8766  6374
27649  3536
13941  4757
38506  2855
3783  4296
19736  4829
27306  2285
42378  3321
16097  8754
32408  381
43951  819
93305  1429
48994  5006
23503  2878
28352  2419
47251  493
11437  1403
47955  6224
72146  2174
5811  3324
7545  9463
44659  1021
86046  5623
82657  9034
99600  5846
7644  7390
59179  9120
76746  3580
59638  4075
14213  718
23149  5812
94699  8922
48639  6144
89012  7098
20209  5649
70427  6405
90224  9335
33692  2642
13472  1343
43641  8620
33393  1054
88980  2947
44055  7065
65312  2698
2249  3436
26337  2472
55031  5994
84664  4115
13632  4292
18583  2636
37821  7995
29294  5090
50119  7020
48710  1607
2212  1598
23928  5343
61680  1473
58677  4439
79299  2165
62451  5307
20682  8904
22749  8671
31177  3786
59870  8028
1831  2379
46909  2732
88146  2157
26428  7212
28613  6868
58260  8039
13686  3256
10973  5604
45063  5184
42400  6148
67418  3382
40288  3988
68345  7339
77285  6452
49500  4983
80878  132
37945  328
27497  6931
67313  822
74717  243
54918  9781
13789  138
3791  5215
57829  9251
49019  9962
5478  7392
26167  3311
58611  1098
64346  4134
62089  6661
27595  9375
92096  9464
7316  9472
68115  8008
78387  4316
77472  724
20738  6894
90966  1148
85290  6389
62666  8510
25128  9920
79575  7881
78286  5886
90654  9437
6318  6320
56809  4473
45666  964
42748  1651
71147  4954
37564  3077
72059  4773
55334  3507
71164  9601
11527  9106
15478  1969
88367  4337
56835  1648
30595  8529
45709  5931
5904  1416
33282  6627
21113  4669
28763  4700
60902  4914
38434  6734
17328  9023
43763  6114
87575  8634
10072  6179
85640  9270
74342  2687
28925  6051
25047  8850
4875  1333
79895  918
14175  4526
82589  8198
41318  4039
93278  3863
34541  7849
67931  3292
81914  6036
2925  1420
78543  1648
42439  923
93538  4666
68186  163
47260  8258
72784  4401
40900  9340
8059  9841
97568  5049
43043  7806
25323  2240
28689  2309
66434  4470
49531  4432
45897  1058
63470  7607
27040  4445
76369  5572
44196  7575
22637  717
25271  5060
8520  5888
22085  419
50593  6539
52665  1536
75085  7567
13404  6701
41631  6662
52546  4288
79943  1257
8314  4638
78868  1959
13744  1514
99607  3750
27087  4602
72422  9634
44978  3302
5342  8391
6151  1092
5470  1497
70169  853
97394  8173
88348  927
19336  4029
84402  7017
71064  2063
44351  9820
87636  4922
52666  8783
93929  613
66360  2128
98271  4097
44640  418
19305  797
73294  5606
95835  2512
62724  2529
81954  3784
2479  4803
32024  1314
51261  8726
55614  3480
13338  5892
91997  1332
12539  4479
80412  2433
79006  8408
2434  2979
16842  6898
97074  6359
90181  1060
65711  2362
16104  8927
47414  2109
4487  7145
78790  3621
98193  988
37158  9261
63608  924
91337  199
62179  6049
16988  5110
44950  6198
39612  5275
16906  6206
4745  983
32568  9833
91683  7875
29956  2754
81298  100
34328  3126
83447  5650
33854  9773
16029  6486
13382  5587
64703  4984
48775  4087
69172  3411
91313  8207
88736  9733
23002  422
98912  3646
76522  4127
94560  3584
72313  7567
52022  5011
96713  6184
87690  3515
50603  4548
11943  9797
24874  5144
51085  9300
52813  3018
32769  6722
32767  9759
97991  4849
46323  18
8644  9183
24358  717
80169  9379
55848  779
9257  9045
67760  7533
51762  9001
69548  7877
83421  7822
26721  8925
826  2904
82124  255
91628  4033
29925  9265
89971  2827
45702  7964
43536  7638
10479  5821
6054  4240
95762  5529
30704  8346
80626  8569
95850  6802
76227  3081
33380  8031
11008  5764
6382  4577
44261  1682
89792  3752
54740  8981
16278  9935
96537  9785
49629  4582
37348  5692
5851  9729
87632  3873
78861  272
78676  9354
12941  2700
5613  5442
87881  7172
16861  5416
52775  945
76206  8254
29051  8940
34573  8394
51921  6939
58165  6171
99344  9590
34907  8798
78383  6365
4027  1874
56655  7956
27823  1486
7999  2311
21503  5168
73770  6161
81879  4475
95614  9050
64614  6840
90504  9634
62469  5166
59098  5236
78967  496
93531  7961
54995  5565
24825  9298
79959  407
79993  9311
30145  3174
19662  4647
93813  3634
32827  3512
84381  9761
14021  3310
1617  9330
47979  370
18034  4339
8435  9540
61119  9313
43062  7814
50493  8672
58169  5795
67156  8291
66982  6256
42520  3506
72266  7084
72298  9910
26015  1410
17805  4486
11772  6879
44235  1066
25460  9457
69859  2842
62426  4037
45636  6613
68302  8936
43363  4847
81517  6103
6799  7597
35226  7700
58351  408
79066  1004
36197  5433
27797  7746
51358  1356
632  375
7006  6600
84276  3187
58252  5040
34471  6287
39163  3679
20664  7685
44559  6086
61417  224
60237  7757
16101  7063
96925  4623
76076  3559
23949  2632
61310  719
48521  9674
53360  214
56060  2217
38922  2165
93581  5208
65475  2836
29300  6743
85206  8944
3610  1948
89710  6997
7442  4571
21153  4453
23030  7241
56592  3823
63433  8326
38840  9342
3204  7058
8012  8753
78932  5380
59442  4204
70140  4612
33556  2257
35611  6773
58885  2450
91244  3803
76844  1243
76148  9246
37215  2186
64671  9373
20808  9872
67274  7747
15998  5048
49459  7149
83835  3877
95301  9672
721  3902
45135  2027
49287  232
68135  9284
24217  3384
38615  1660
63292  4035
59095  4937
17038  7089
75090  1420
89754  5866
18528  2982
63892  1944
10716  4740
23132  1617
49094  1245
26446  4094
28351  3875
55078  71
83120  8514
84804  5326
6642  6021
76632  9288
46882  7479
94448  7274
80074  5831
51636  6240
83057  9309
1141  2501
93586  292
83877  7912
91297  401
114  4705
69368  8533
76927  8896
80960  1098
97202  1176
32901  101
84004  5419
7835  5251
62669  2517
82260  9000
22038  1695
80921  9397
68162  3802
17017  3616
13774  4487
29695  7473
64334  4324
41674  7141
28233  6229
39782  2885
99864  8909
94016  1959
8709  9759
55967  3357
57379  318
28805  4936
90702  4451
84568  5012
88897  4782
31095  3315
23422  3012
85887  5638
6100  1266
66705  8087
82259  4967
97983  608
16347  564
72328  9656
3626  8229
1563  224
20075  8766
51528  7737
2484  4260
72988  9407
56200  5226
92422  6504
32645  7045
53794  8715
37601  2281
61145  6567
98903  1879
49324  6885
41529  3142
79232  6793
34960  5826
51299  1619
88500  8393
15795  6796
9354  2990
14904  7791
70312  2155
7450  2645
57402  8699
62428  1373
52995  6568
49231  2710
66517  9937
73041  9485
70377  1929
55424  6824
19782  7349
62682  3269
75001  9555
45501  3624
76874  7080
14356  6690
74420  6874
46886  6651
19413  7890
41634  8025
92093  3690
43401  3120
81818  8410
21523  6949
55556  7535
4914  3214
1930  9
98375  4303
6670  8622
2307  245
61334  7400
49675  6323
20856  132
64338  1381
14697  4446
47868  4503
58065  3916
27781  3297
7969  2810
21576  2813
86267  7328
86938  4120
85814  3530
2253  8248
95286  7221
48770  3266
62467  2440
65735  5905
72977  6348
84874  7472
21669  3309
47756  1673
33885  7232
63513  9229
78168  5553
61300  2372
62242  236
55292  6933
78109  5748
59030  1100
10988  5476
4373  4967
73190  6748
59052  2356
87644  62
46131  4242
37703  3945
93908  2851
37904  3927
49976  7684
98721  6741
93724  6052
50630  3054
37719  4768
81860  866
49113  3102
43115  9166
41730  4932
41965  2842
72295  7166
30316  876
79317  4001
85745  7813
50267  6211
86235  8174
23735  9982
80007  9960
14873  7895
21928  1589
38780  1292
30132  4244
85767  7561
86889  305
5676  1100
37864  487
84382  3561
20804  3872
54082  3515
76494  5504
70163  5661
88825  9806
69138  2303
42611  2428
93398  2082
71285  2893
79266  1961
65325  4867
68919  7748
61945  2691
49440  5640
66454  6430
94093  6599
57303  2172
37688  6372
96525  8810
64637  8372
75613  2184
63130  9438
59129  1861
84746  7619
65674  5665
26268  3228
92115  1661
86655  5472
21627  6937
65738  8513
8424  5226
61548  7054
73556  3539
96100  3221
84278  6252
5545  3913
37592  8113
75644  3305
59116  2504
4826  2582
31172  3495
55222  5407
76841  5384
15868  7381
69274  2261
78893  5341
67370  4247
26411  1334
6958  9919
90309  2190
67583  3895
55706  9424
54962  5974
14500  3277
67164  2466
18181  355
59547  5497
79997  4832
13338  7921
65351  7169
39273  2397
98349  5162
10188  8736
61474  614
32686  2679
5302  8116
27658  9826
15996  9181
86089  7282
18465  190
12876  1778
27000  8033
81586  3044
45367  7009
70025  5047
27203  1948
34288  5670
18272  3198
87276  4910
48170  2367
99620  8262
67027  3571
59892  4853
45745  2282
38934  5426
96581  4347
96155  7037
32740  6623
50461  2962
84500  193
59008  727
10291  7008
40758  2192
54478  2561
96937  2536
34845  5698
20811  9392
71992  5575
27795  5331
96109  2920
26894  3945
26678  1955
40007  9874
30140  5995
99579  2846
82314  190
84674  3778
89519  9309
65183  2196
40529  6868
56677  5005
4762  372
77896  8766
89834  7255
77597  8180
98671  9006
71205  9085
92912  4372
44486  4908
17961  8861
11631  5422
12105  94
63327  9086
99916  5272
53517  208
18591  5913
4226  9545
40568  4318
29235  5217
99983  2000
17131  2071
22267  2553
79781  9972
5119  3212
62811  5432
97738  5327
82518  4196
40674  1953
97133  8926
35714  8862
97831  9577
98579  8533
76186  9627
68195  8017
77724  1059
24037  1907
8815  3586
84169  810
15291  1593
8319  1681
97923  4354
91175  1421
71380  5145
24828  226
54155  1600
84205  7414
13937  3005
9590  5901
17246  5922
62382  9966
72961  9671
64860  5257
3243  9020
86857  8971
38651  3502
36252  1123
21191  1118
6623  7235
25261  4924
39957  5697
44486  2312
76507  4790
79823  6444
8770  8443
6727  5896
18205  1031
54707  5790
15208  2556
31024  8048
69492  8621
33639  9890
75267  8565
99462  5391
8781  9489
72192  1600
73375  3028
50158  9760
51577  9244
68883  7485
38912  3030
15532  3228
62297  9560
94312  5614
95204  9556
79164  3864
42386  9394
13117  7058
37012  46
98155  2511
52682  2865
67926  5534
4519  8819
91656  9933
88977  3748
14098  8815
17320  4787
6225  7429
87143  4625
9783  8474
51186  6793
74051  9575
52942  4252
71165  6152
79769  9229
40987  3314
32905  7468
46931  3366
17058  7372
21325  7265
89570  2500
73143  870
30862  6140
25208  7281
57842  9049
7629  2246
32711  8025
24353  4129
5902  4445
48766  8083
17053  8598
22653  3310
87524  131
72931  5906
82207  6346
30850  4743
99714  1708
18043  9160
67559  9963
92619  5740
52414  1192
33710  4010
11011  3612
15447  6313
18828  108
4831  2289
43858  2297
45851  758
65232  5884
93412  3413
30215  7150
86692  7537
55174  7056
42128  6120
96243  847
48009  6035
19451  9482
52188  4463
84674  864
22660  47
81604  3736
39984  2737
45715  9783
42933  9555
47316  5951
51936  8378
83729  4719
23733  1405
56998  9388
49265  5663
61627  183
2537  8185
39086  2307
96451  228
66708  8082
29053  8259
11292  9857
90305  8986
68134  2826
49081  7970
89289  7614
70031  6158
31151  6777
87664  3936
30925  8928
77121  7757
55410  9139
61637  4045
32882  4106
4203  9396
81109  7604
95541  4647
15458  1039
11596  445
27191  6353
46726  6358
53195  6192
12031  9632
3674  2767
86504  9263
3148  9386
87240  9766
91860  6208
3227  3227
70078  5457
52842  4216
9396  5944
48030  3376
89758  8207
97373  1172
60609  1918
90919  1753
74738  8932
53960  3562
99103  5253
42550  5299
66956  9681
44629  832
91462  2690
53513  4096
3371  4098
34082  7929
35080  1898
85860  4395
39311  3844
1186  9714
23963  6226
984  391
79859  9874
48941  8933
7319  5972
64361  3980
75986  8193
30245  7908
97889  7060
81448  3090
22060  4527
21609  1518
69225  8443
93850  950
57906  3182
23183  6033
8624  4627
91544  6434
79311  5932
92292  7885
35315  7783
26181  9979
99781  5467
71592  1928
22462  7269
84810  4023
8712  5492
98442  4148
19006  426
52338  8395
84057  7787
46326  9553
78202  2708
4019  1449
28116  5985
31724  9789
71962  697
71100  1066
2888  3696
24763  969
23453  3257
82547  9508
21185  5284
61674  4298
12453  2653
35675  5892
64499  4549
13552  9358
60212  9663
68500  3551
99390  6621
30268  6344
87994  2484
21696  9040
97755  1653
53699  2636
57499  1107
78809  3568
38869  1170
55022  6290
2460  8216
22185  5744
97939  7456
62022  5205
29524  2422
87438  5878
33510  8871
96393  7174
19924  3662
51803  7787
14696  2886
28939  9977
20772  1863
51306  2717
99029  2883
39390  887
73049  5066
2425  5228
26551  4465
15627  9202
52487  6803
91431  3058
82083  9426
19804  1093
56422  8478
60110  5128
35333  1257
55849  1987
9843  1606
30506  5333
30845  2054
17433  9328
29404  5709
21503  6230
54335  6311
55102  6730
34412  5774
2793  6802
48881  1438
29178  9106
82922  47
67030  8879
75298  4439
73329  1942
11047  2657
96810  284
78518  190
54614  8402
46594  182
15623  7909
99217  7983
14474  3671
12472  9690
40343  8376
12570  9341
43595  1293
95416  7798
92099  398
81616  9630
81709  8251
29277  3867
49856  9845
16145  1718
4473  375
42239  3032
25478  8536
10042  9839
55134  6793
43377  847
80536  1801
63434  4610
90684  4157
34685  3176
5564  1394
11100  5012
88839  7590
47236  2195
17231  7441
88948  6165
42785  1832
37630  2240
94682  6920
86470  1958
82222  2330
1698  3778
95037  1348
2228  3424
