1000000  1500
33985  4668
26000  1022
38264  6518
95588  5226
30067  2682
90442  1994
41278  7516
15247  5638
68653  7186
25606  1401
5297  8948
80315  5242
20179  7867
85297  3408
13869  283
28287  5707
76081  5716
64018  6596
60017  1002
68026  7870
22634  6977
67554  7205
16368  8976
46871  1357
50918  4407
46474  7140
41795  4944
47576  3809
23341  8388
51518  6866
93893  1799
28669  6704
51672  3684
6426  5193
20098  2153
16240  4902
67116  8021
5333  4994
87971  8158
50994  314
33853  7588
3759  6497
48753  9776
5972  6041
11080  8073
44738  7939
15702  9141
55983  7414
14894  3371
19447  4014
69155  9374
10685  151
58857  1585
56268  3196
75981  2194
84245  9398
33499  1188
34937  7483
76968  5511
88054  3206
73055  2774
55074  5329
68575  2040
6270  136
65928  705
4317  212
78224  7358
6011  9609
62294  2451
12837  7010
16184  3000
46588  1733
10084  191
68963  8720
93129  5286
23550  4821
32691  8455
37274  8722
41283  2907
87791  5291
60393  6208
49269  3389
10444  6474
71827  1381
47655  2283
21520  3704
26253  6733
91058  4149
45707  5609
2600  5018
64897  4597
19286  2194
62151  6684
90618  7741
23305  3443
77846  4786
71643  1425
38155  2475
64825  6365
20635  7548
49548  8030
50339  2954
84286  2239
30285  706
60874  7916
95364  6733
61912  4643
4485  4538
95836  3219
94880  1270
75761  4111
58084  8022
8268  2692
51869  5456
4253  9599
26238  536
33401  1693
965  7806
21834  5052
9854  8672
26393  6401
78242  8632
52318  5318
4536  7250
87795  3929
47422  5478
43956  6862
27607  5165
79006  8280
38102  6442
15551  397
20196  9859
5993  9605
96832  3521
54731  8581
34818  7105
18254  3276
13939  1063
99836  3414
74861  9970
18112  1190
30307  764
26175  1778
91833  9366
40278  9300
69383  5292
50674  6875
56668  8254
34306  4442
17804  8881
57814  3016
63507  9657
17596  7330
84043  2242
47134  8411
24715  9229
62566  6883
92734  8558
71629  2255
81419  2650
4058  7053
61433  7647
69759  6805
13675  5401
23227  5799
45384  3662
63680  6054
44249  9211
91718  9259
13021  100
83987  3076
64519  7984
35860  1264
83537  6736
21395  1656
80572  5634
63383  2633
31464  7395
52260  4639
4082  7512
925  2942
52645  3784
94935  8993
92896  3262
78880  9478
61693  8015
26389  8564
37892  6561
38605  4136
3618  5890
91744  8844
64327  8087
5325  578
63246  4256
34287  1508
67360  9441
21621  7280
66555  1854
15026  356
16055  8889
4728  2177
12959  3781
31342  8678
36618  8704
6652  9735
1008  6141
10855  1676
68897  7478
4255  2838
61323  1232
3021  7193
19643  7901
8196  3664
78399  4721
50072  1605
20850  3051
26994  1558
10122  9115
96944  2826
87696  8751
2957  8244
39455  3141
99114  8830
97425  1322
32119  5783
56993  2701
45265  1524
79458  6632
71540  4811
86462  7221
17963  274
86188  8659
11402  8252
79130  6936
18637  9605
37707  1278
77277  7931
80543  4197
66613  4881
25452  1950
96698  9786
6611  4101
86646  9132
64294  4485
55347  6600
25894  8902
34406  6708
53195  927
30352  3709
27307  2925
44513  4195
71589  2897
48834  485
55354  8864
75839  4552
44341  1315
36345  3225
67448  9768
31112  7277
61173  8940
73346  5899
25731  8157
30673  9313
26804  7127
83500  5060
18316  7192
42768  1920
16201  9828
92929  4499
71212  5088
64306  8214
92118  3790
74604  8124
71340  813
96423  8763
69919  5395
45931  4018
31215  6492
38993  992
91907  7329
4451  1398
58892  1756
77856  2415
43684  5728
13376  8314
33160  848
70924  4585
48496  6920
88226  2257
4831  5122
24088  9110
30255  4310
7144  6848
5257  2557
55102  4166
45719  8136
26043  1421
25301  83
30337  964
96472  882
83649  7128
51850  3763
17298  2790
86922  2652
65939  8530
16882  4753
92064  1393
95211  9007
23606  6076
43391  8424
42576  4496
69050  5432
31428  3550
17570  5540
57407  4097
43270  5443
91348  1297
41139  1153
41571  5536
34662  2737
42814  962
6930  85
3768  7998
91821  1932
98726  3435
85219  6700
43468  8637
84578  1315
67124  6555
45576  5000
57369  5494
93438  3201
8148  7995
94670  6232
56281  7501
9772  4600
70305  8355
73064  1106
46330  350
66036  1452
99610  1069
14557  883
66866  9591
88911  5220
95889  4456
52037  9113
90983  4967
40719  3618
81713  8275
7626  5615
36495  6176
49342  6799
34372  7989
72218  3961
79717  7565
32868  9660
23159  9814
28146  5202
40452  9664
51222  9880
86602  329
84794  5915
14795  3055
19265  6520
67486  5820
96927  741
13795  5218
84342  6778
89865  2704
87681  9044
45950  4153
7544  5197
80635  7984
77195  2422
42854  6850
9560  8480
15785  6674
55710  8837
37141  9623
90461  2899
58514  9948
32518  2093
52954  3493
67392  8351
32469  5203
42720  5032
324  2751
93614  9307
81748  7564
13186  2433
40108  8121
77928  8439
9890  2212
8197  9635
17686  1077
8239  5830
95177  9164
13244  9939
75536  1986
39768  8571
48826  2664
58497  9564
85703  3756
73204  206
6549  3045
91623  7251
8063  8200
23680  3432
57800  4505
27445  9312
43962  7491
67090  6139
82186  2310
67395  5145
96992  464
10321  7307
97908  329
94260  1973
87947  7020
41273  7643
80892  5998
97478  3260
31984  5181
10701  1328
4606  7680
81659  7994
3680  3535
5320  6045
97504  6186
64012  9169
46242  1775
89081  9513
45963  4748
39568  7128
88637  4538
67704  3869
6556  2959
55017  48
73583  4175
29273  4185
70815  2207
90329  7493
5718  6404
40894  4740
90225  8230
31927  1705
36137  4478
24029  5990
84661  1312
79583  8263
91435  1717
27074  9838
6027  3764
68882  4945
46214  9787
64994  7148
54933  8348
39220  6889
13329  1959
27715  9739
32115  323
44233  8939
45133  4124
30245  4115
2304  884
97554  9046
28960  8442
87376  3523
82030  8481
30375  6275
836  5618
88975  3054
13248  7609
57028  6382
80303  951
96559  201
47377  2709
40122  3002
31720  6094
14571  3631
41983  7107
83547  3134
78982  9521
83129  3259
73281  6331
10923  19
41864  5924
5430  7543
71586  8995
18986  1467
85588  7009
25060  2749
55183  6910
94772  8708
87246  5414
11488  4958
89973  5757
72276  675
93974  7543
85550  7667
96922  9449
15493  1685
53140  9460
5602  5624
42716  9829
64097  5576
78923  3097
8746  237
50950  10
16237  1282
86855  6065
2667  6876
31405  3780
40358  4034
19517  8481
74263  2832
29294  8567
42255  3960
26201  9108
28229  5314
4908  8173
64591  2718
96598  3378
18288  9012
1621  3614
54053  804
65381  6176
18607  4666
47678  6121
30814  3137
23395  5395
25680  4224
68367  3732
76161  8332
43960  8154
99255  4280
85646  2337
56938  5362
11410  5308
21009  9801
6900  1898
12730  1392
35450  8729
11258  9173
10587  8465
5898  9505
88917  2572
26043  9696
89579  7263
74796  1537
51071  5510
16630  2557
9759  8124
32439  6103
24443  6186
38725  9322
19125  257
16726  3167
54307  9199
98675  3786
10189  4045
16652  2542
14178  4784
92854  3373
98709  4598
69958  2042
2570  1640
59426  4458
26472  7083
88100  9873
88715  5980
87445  5004
52136  5756
41143  6243
41018  5489
90739  5673
69008  2118
35645  3647
81274  4326
4624  4658
39354  9632
34024  9748
33207  4401
446  4934
40036  9573
77505  9822
98672  1634
76326  8576
41863  9
13687  9300
7416  6930
74640  4705
82213  4326
92919  1710
40955  4213
44405  9952
96435  3542
10875  3859
20856  4209
86349  23
73928  4409
9977  7602
41789  7924
75338  5656
68808  2216
1770  1912
90082  4963
62661  6938
99477  783
20573  7355
97247  1715
87883  3748
50641  2674
27469  9985
60628  7889
71388  3524
9014  5933
54289  1090
10764  8569
63812  543
16588  2727
87600  8205
61219  4200
77138  1850
95807  2480
1063  1894
5523  8857
53552  3200
22931  2587
99173  828
12257  2228
8613  8228
17880  3748
35052  6920
52914  2558
36684  3862
86788  7247
67876  7256
48998  950
98106  3680
13051  612
88475  9353
23488  6305
88245  3735
91822  5256
31572  3661
86477  5244
79535  8544
13426  7899
35219  3015
18437  5940
35947  6654
79520  7721
46051  1750
29049  7549
63086  7393
18048  402
6047  1350
73580  4039
64093  6050
25339  5536
19546  5295
72775  4500
19240  6418
17300  960
66084  9198
95400  3978
66706  3430
62558  2202
84527  8931
6813  5435
21125  2269
64379  8519
45552  1719
33908  4848
93510  5969
31444  9897
76132  439
3157  2547
95870  9219
7526  7412
94263  4968
92019  6383
78565  2975
22834  7711
49420  1311
55737  407
39402  7177
74650  720
17248  4934
15046  7625
48337  7258
60361  6029
68973  5307
68981  1000
51933  9838
61276  3868
48736  5512
64122  2865
4205  4222
97020  4785
54532  1653
13637  4176
63160  6448
40467  3003
44641  1670
27713  6646
22121  925
8117  1464
64229  7216
60514  1813
45912  7363
56637  8645
22228  1437
32835  4375
56545  9452
65506  1797
53180  8942
41270  9034
86271  3163
60526  3663
83170  2172
77527  1421
43291  9118
64022  5857
81005  7940
21180  8543
81872  8945
28474  3722
402  8848
74563  1480
60197  104
16621  7044
93109  7327
8409  8035
18486  2603
85544  8562
84969  4175
64865  7655
18701  8284
8994  8014
25027  5677
60248  8114
21545  7364
2537  797
9932  9187
56457  1570
536  4142
77538  407
50922  1443
99010  8392
8846  7819
40651  1396
97127  9700
93013  866
39938  8731
89118  7075
83474  2402
71514  231
55942  2297
6718  6057
47519  129
83655  4406
99090  3911
71714  6247
97901  127
6284  1332
38729  1930
30819  6262
28953  9441
49356  5909
84101  2868
92798  7248
95981  453
46107  8755
66552  5558
10303  7653
35351  9355
62673  933
47451  6903
96784  3960
17269  332
61581  7411
21528  1121
47541  4961
50997  8203
74166  8592
86059  557
4383  6040
82832  9049
82901  2290
21659  2625
9306  2330
27066  1812
41805  7675
85576  2527
18227  2846
3034  7291
73059  1514
42089  1190
70671  7460
43266  9103
40227  7246
78258  4224
34473  6119
84742  8226
44322  4048
15906  691
13081  4902
72305  954
26049  8886
79207  2963
21888  4211
2080  3026
73541  668
94225  8969
27173  4041
16304  254
62526  3641
61183  9818
80688  3556
10551  1144
36265  9223
50379  4661
6296  2769
64632  6440
81708  8857
76882  1235
66310  5364
78224  7288
88039  2210
98253  5924
33085  2741
45788  6136
1424  430
32722  2573
88581  2126
56459  8554
40345  8438
19566  4432
82543  672
17281  5265
56249  3053
29028  678
32521  4533
72787  4586
54009  6477
72496  5065
28318  2626
45249  8660
16323  2059
52028  7106
66407  2682
52348  3883
54927  6131
14973  5332
46028  5991
99102  2265
82987  1279
8330  2299
61610  3403
90012  3986
34680  6964
35398  9107
57757  8862
6197  6727
70171  4966
66073  1359
72220  7272
34338  462
2355  3133
45107  7540
23364  5595
90380  3381
70300  6907
63851  88
20504  5167
78391  9244
55779  2345
33162  5674
71303  8969
28998  5987
44833  9871
13465  5988
36184  4868
45463  2607
55671  9454
77284  2466
92381  4575
48360  3978
28789  6488
35082  2805
58816  6974
15436  3717
21582  9858
78134  8737
74797  1211
83386  1147
26627  1004
82703  3042
29666  1721
22003  6146
31287  9221
50906  3303
68151  2798
27302  7049
86212  4816
51610  8161
13325  9958
36289  5524
91378  2353
57226  3876
529  6954
51492  1383
26340  6517
82078  3291
47367  5522
80955  5444
70373  1075
32955  8883
57405  8357
48728  2150
90913  2787
13415  138
34242  9710
40740  2648
75538  4774
11035  3952
75062  7908
68090  6101
41900  2822
82984  6005
45602  4858
49924  3638
96553  774
50397  5121
31428  8751
80737  6988
13999  6942
27996  9287
21108  5598
98461  2827
22373  2732
24613  5278
49046  8402
26785  1012
40677  115
72163  8250
8472  5108
79195  7296
71831  2902
33709  4558
33214  7458
50736  8606
42204  6446
47110  1353
83003  8660
83565  3308
79519  2442
13846  329
65643  5502
24792  8238
55332  9127
24703  6028
71694  9729
40928  4561
30728  2806
2725  8871
32683  276
48420  6875
34255  4668
13930  7206
79448  542
19193  3944
25271  1646
30454  2276
92668  7033
29609  2109
9935  7013
38146  4532
50612  9428
64869  5844
99515  7488
95654  7371
31320  4096
40147  161
28853  5999
8931  5337
98912  411
25234  6003
70879  2077
62464  9166
86928  5776
10345  6923
24451  7812
77907  8768
43310  347
74065  7577
96501  5272
58394  834
94038  9215
62701  94
90440  1964
59618  6123
64252  4080
27021  3033
28356  7726
3593  7294
89462  6654
31491  6255
95607  4356
27859  6387
4547  9867
96454  1286
76858  5161
63179  5653
45085  6555
55034  9566
89894  4016
74914  7784
67495  6832
63676  1645
42627  942
46284  2257
5752  987
24524  5031
49380  5858
63108  8637
19794  3999
57022  4614
61106  3230
32929  3205
53120  8872
95477  3439
53456  6352
94897  4570
23510  5669
94351  3776
33044  7232
3552  239
31526  4017
44970  3768
23642  47
25146  1389
91113  6264
57001  1453
42199  5812
41916  36
3525  2044
340  5537
59814  6570
36780  8361
27332  6560
35607  4147
2527  5154
26702  2335
81098  1528
95425  9176
9936  7486
69384  7859
87880  4558
18356  5835
8328  4010
48813  10
20630  281
60292  791
77747  6470
35675  9811
20634  1014
19983  528
38202  9279
97186  8116
50145  2212
94257  9879
95497  3821
47680  8568
64496  3900
31393  6742
84059  9609
20874  8960
18413  8486
44970  1465
70327  9100
95460  7561
79417  9650
57932  6486
98787  6981
39630  9592
92754  522
26302  4995
72522  6594
32333  5652
43466  1601
12324  4047
35366  5004
79904  9839
13504  4993
33192  2984
41789  4984
9729  5739
63289  278
6642  7987
53456  801
19307  1244
25527  9243
71492  237
66108  9279
62929  9750
29471  5194
67380  7545
99879  9092
71305  3226
73511  9564
15970  3833
38143  7434
81531  596
41060  4427
29780  7960
53723  914
11110  4793
69163  3117
89113  4376
94475  6208
22516  3478
51596  2907
40683  1356
28155  661
7769  626
8356  3235
84884  1361
84601  7929
82719  8106
70698  2222
26635  7320
88325  5919
14063  2873
85809  4130
87306  927
41323  7363
86405  1970
48489  219
60167  9171
24642  3285
6708  5223
6905  3569
8696  3762
72474  6107
10949  1935
67658  8189
91814  7216
38268  8253
75578  4376
71611  106
28331  3031
64770  3384
37412  5339
54862  2456
68971  690
5137  3562
2486  6758
1747  6653
51817  9357
32864  5976
2111  6286
14361  3673
57991  9422
3665  8434
26865  6134
25113  9945
68861  9250
14707  2685
72811  9079
80071  7079
85663  8995
83961  7093
90187  1694
86852  5795
84481  7635
76103  9397
44171  8354
85522  7873
46433  9563
88329  6320
89155  1066
51891  7385
34355  4206
41460  7079
78341  8663
37723  5416
22835  2493
99287  9164
77301  3113
49964  1609
38134  1150
52287  9867
52485  533
76684  742
94275  3590
81976  6792
46622  8068
45240  5639
81121  5149
8369  8599
71168  6570
51176  1041
40871  6560
29284  8397
82363  2477
64389  3491
15996  3856
35432  8040
27658  233
89379  2176
14481  63
83705  3317
32685  1000
40683  9760
2261  1189
81869  3405
67166  7893
34794  9942
65429  9101
59898  2195
3480  2178
94140  6675
34082  975
69194  7896
48079  6526
57291  6299
54708  479
58510  3646
4998  9766
91705  4414
60290  9063
90093  9579
97565  1680
88047  6903
70293  6088
43631  2033
1900  4371
44549  5880
13601  7288
32774  5630
41230  3424
16427  2397
42489  5446
35212  5071
67635  778
64074  7987
52800  690
52134  556
2617  3618
10167  3147
73270  4893
66796  8849
23252  6091
13299  8429
72711  3716
26887  4835
63459  7998
3777  792
53477  5754
64615  9439
66982  1592
48120  7176
76683  2537
17179  119
64959  7645
80552  4929
67156  9234
49005  5482
3676  7595
15979  76
37115  8331
32955  7482
49676  4872
77809  8562
54783  9206
76864  1502
66393  8756
41500  2560
41410  7370
77118  7265
12667  7843
45994  4659
12253  7225
19446  570
24663  1768
1226  5315
97638  6410
95493  6578
9050  5286
37770  1070
63895  7279
65473  2408
5074  8579
67841  9184
67367  8456
30568  531
42789  7280
64166  5207
42103  2238
5413  890
45423  6485
52002  4278
42594  6738
50471  6460
67946  9144
56082  5308
90075  4067
11399  219
32113  2849
44946  7805
68327  3473
65160  3133
86459  9431
13994  1447
69169  6858
70810  8373
65496  4305
13650  7919
26626  2253
79259  9220
54974  2691
70450  6656
65654  6521
64404  6433
71918  6692
63995  1655
25236  129
78282  399
88304  9366
91988  3364
27734  3546
58918  3254
50132  6360
37770  1717
80069  9590
96884  6179
51552  5106
37650  6987
18278  1873
94900  1070
66730  1745
39588  3651
77163  9773
34186  1409
58072  2293
34341  250
73308  1282
44544  3482
71105  4778
47186  6022
15659  6603
54631  9609
42885  5563
89093  8515
25299  2562
56294  5683
76647  9294
77639  2707
38747  9221
28084  3512
57880  3810
80738  3975
94146  480
87922  7256
91685  5379
82032  8766
69070  7017
83969  4248
50488  1976
88558  9326
20910  6538
95493  9470
95782  8279
56891  7234
93712  5354
92453  7240
36580  7747
25090  6483
91261  8022
53788  6517
47950  234
46974  6333
74949  5512
9045  4386
94543  1796
63450  107
47281  836
66296  841
17198  1912
6216  4390
39877  8881
25249  7271
87464  6964
38603  4590
75114  2821
9616  6659
58378  2479
43372  7989
84650  5697
30663  5750
13875  8883
98984  3768
71684  658
77949  6732
58054  2459
92844  3915
78663  8970
29379  4496
80157  4310
77670  5409
41361  7128
21688  3473
53035  572
8567  662
98909  3764
30211  1790
49689  8283
6774  5457
1826  5443
88156  5355
49150  5767
56605  4401
10396  8026
10883  3740
74026  4806
66338  4353
88653  5915
30709  5030
85098  4437
57345  5627
3390  3239
85600  4733
90263  127
63870  3272
41052  9143
60905  2578
43962  9717
62700  6021
10500  3735
9188  2846
92366  2409
79590  7495
36857  74
30924  3758
11338  7335
11099  2286
21871  5103
68394  6282
57814  4419
29870  3545
19353  485
53009  7442
29206  8538
44604  8083
3398  2485
82282  7549
88858  4463
10830  4381
49946  7505
89572  4314
87244  4681
3499  1212
22313  9129
94626  6337
19038  6836
99785  1513
83785  301
59993  7935
78068  3868
81537  1899
44524  3109
33221  462
517  6937
19189  9747
93138  3568
7717  1089
15323  2315
61497  5459
43230  1715
58499  2372
84801  8780
60296  4481
86479  6634
87124  4335
59574  4351
75951  7832
88794  3680
62790  6523
25373  1433
84245  3249
6387  5553
2647  903
90599  3227
68348  616
67579  5185
12080  7083
30023  5517
