1000 100
5308922 4
3488116 10
1153678 2
1781678 8
508630 11
2291943 10
4167611 1
4741991 8
4536316 3
6222539 11
1618092 9
736450 2
710636 5
653210 6
5268265 2
3905797 11
2909349 1
3953720 6
6449802 2
666588 10
4404164 6
5521052 7
4802644 3
2460358 5
4008459 8
3800488 5
2991924 9
2945572 11
5792590 2
1355040 7
2906577 11
3114208 1
1333820 6
5689759 3
1944102 10
881472 10
5758516 9
1554375 2
5900722 2
4113631 8
2117001 3
4363058 9
6148441 8
4233054 9
1389515 9
5425811 3
1752164 9
5473430 2
6200361 7
5750347 3
651032 4
5293381 7
5912602 6
4189748 5
4627153 11
1236417 5
5668726 11
2871169 1
4193833 1
1877907 9
2835851 2
4162965 4
596214 3
6239426 1
2300466 7
610042 11
2670860 9
518576 1
533463 5
2542286 10
2957525 7
3782472 7
2257753 11
2982414 11
3732308 5
1011443 3
3242091 9
5035000 2
5024549 11
4972684 2
2214340 4
1748994 4
4101009 3
2793586 5
2023961 3
2170750 9
2101348 10
5377048 5
2911871 6
847622 5
5477720 11
6222813 11
586555 2
3605633 5
3028502 7
6477918 6
1414692 2
2154366 11
1236378 7
3684565 9
