900000  1500
93010  3446
4751  3336
46906  3305
4481  5640
75776  7547
52915  3842
86351  4386
39642  1502
85180  5877
78884  5004
82457  1007
4622  8647
70837  7740
5665  9160
90971  2072
88868  3328
28563  6312
30905  4371
16798  2907
49562  689
65995  843
10148  736
19157  2233
16255  2328
17434  746
95790  5863
98073  3446
13286  268
44953  3109
67777  5983
12047  8847
24974  6099
81239  6221
63099  4033
56783  4218
46197  6996
831  5487
92542  9531
70647  2395
62778  5199
3137  8329
25649  1377
72081  6228
60167  5146
98679  7205
3503  6402
7183  5010
75456  4515
44704  9674
54031  4849
597  2061
38355  2106
63686  7980
22301  6090
69034  4314
25070  6251
32458  7726
71755  6601
75084  8689
45943  3869
95486  7003
17232  3638
12669  5056
52032  3301
82173  8944
92357  6824
23772  1546
5539  3327
64928  9032
73815  2336
18128  6582
61592  1379
20367  8713
41726  2816
60038  2284
50079  7981
36305  651
35621  6295
85301  324
31889  4476
43159  5895
76746  8613
6332  5045
33073  8463
11448  3794
86576  9693
76438  5942
87665  294
31688  1924
21401  5345
24691  2463
67536  8573
24629  3218
156  2759
41437  8383
50024  9281
23350  8028
6784  2090
70301  293
6919  2808
40891  869
90559  8087
56495  1253
16738  1358
28215  961
36465  8329
37193  124
12946  2124
86330  5040
6254  4972
26888  3602
80584  482
77361  989
76849  5287
94283  2891
38138  708
4248  6555
765  6863
97166  2319
16318  3195
45775  9633
53794  395
7278  4365
31789  446
4529  8276
25884  5981
98087  9312
43570  3113
44182  547
88597  9049
3734  9783
75362  2710
42250  5799
87929  811
55571  542
44180  5385
95864  3538
5511  6213
6837  4798
56137  533
70315  46
8538  4372
43740  6620
43901  6550
73265  7157
3975  6451
76134  3887
52715  5312
86903  2744
32565  9333
94572  299
71307  6093
69860  2609
94139  7712
73578  4294
24656  4359
62691  5463
36507  9223
88486  8469
54612  2902
40340  5893
63220  3799
39559  1589
14915  3450
71475  3708
74333  7249
12957  9533
32906  7923
28258  6675
92494  9193
69507  4360
13392  3376
35214  7939
5117  7597
96645  8044
94058  3468
85379  7027
92252  2121
41204  6886
16657  7143
21204  2367
57949  6772
53196  7851
39118  764
65410  4154
93411  9530
17951  7882
10944  1937
15929  2248
89579  438
66905  8848
3647  9004
62755  6420
40218  1852
75284  8829
80024  8267
29255  8962
32731  6212
68490  9024
87114  2993
84017  9203
94649  9305
31041  9627
10469  4942
98797  978
21353  5829
85211  9329
90705  4065
83196  7827
69746  1369
16714  6538
81563  4145
10436  9972
18456  8826
35323  8594
81767  7537
40239  9557
24647  6317
6434  6413
1230  1259
34884  3849
13703  1037
62373  6570
85790  5038
43963  5465
15648  7632
42422  4598
78074  9990
77078  5130
73259  4908
69086  3440
7894  417
72168  1869
62561  7032
96632  7363
20971  1473
33793  2475
62430  913
15388  2231
10067  1598
94579  5326
67814  9022
27681  9896
45722  7766
32846  8483
69700  7791
35232  2220
62276  7105
71956  9851
74271  5759
83327  5054
85363  7386
99190  8700
83466  7346
7983  9622
23983  4604
23420  4649
49318  7424
47378  9136
14102  2229
25772  8530
25574  462
17296  6118
38007  5931
16667  8715
65731  7516
64282  3916
71686  1922
81437  1992
28452  4913
66087  647
59663  9285
24089  8523
90835  4025
10925  9289
33274  999
9873  2313
71778  4072
66588  2849
33794  5193
74482  2386
31512  8039
99947  3993
84823  2719
59203  5355
5435  8291
39247  6613
92480  7910
74522  34
47303  3968
27049  5206
80390  8206
61468  5256
72405  6104
2792  492
92112  5269
66893  170
59358  7179
32054  7210
9937  9988
87647  5405
41105  6114
68831  991
66247  3659
13737  8063
15280  348
87315  9894
3551  9540
57745  1749
95066  9263
9918  356
76039  1844
92643  7831
96658  9716
67387  290
8052  4635
42615  3285
35110  3466
35453  7164
67025  5654
38436  9968
16844  2177
15289  5565
37143  2545
15292  5966
55504  3739
80719  2011
28304  4152
2192  9322
39625  3425
39048  2094
71773  4649
99991  9483
38298  3838
46084  9546
56814  2080
68948  7573
45049  5835
62731  4570
81283  7910
81818  9650
32333  6786
49046  6282
29688  3202
77570  3071
18567  9592
90172  3938
23029  9117
13364  1387
41773  6118
54700  9295
61403  7922
89653  3226
61382  5643
69377  1755
81210  2871
34450  6971
56552  887
70425  8029
72481  1368
4818  4593
7131  3680
18347  1135
29023  417
39760  7362
34422  3034
94909  2800
7318  58
20005  7105
19347  4313
7000  6848
83997  7708
67422  6045
37696  7548
6161  297
27196  2946
63493  310
48962  1046
17368  3163
40274  6579
41008  6179
69459  2229
24885  4046
74423  4099
87995  3921
35460  2729
69788  123
79608  2919
25553  7284
19531  3751
38784  5914
31627  234
67345  9247
75447  4904
83126  4825
23260  7744
61442  8715
23575  9506
73093  7256
37801  8631
58514  2865
72563  439
56216  7477
79567  6251
42548  3113
71270  8986
32492  807
29559  3649
72773  1108
28969  6266
88413  4810
85305  2931
48220  8483
77897  5160
66383  2310
20764  5859
34552  7292
12619  1259
52587  6341
2609  702
69971  7959
50068  4630
47014  1078
21435  7306
52301  786
9315  1104
95082  2952
53625  6206
88128  7662
8275  6433
23935  3683
70031  1253
99444  1361
89225  3252
44807  5653
60716  1360
47294  3463
86365  8860
89985  3914
35722  7440
41078  4420
24090  6024
35830  6071
18468  2063
71963  6820
88629  4785
43816  795
51534  491
68766  5642
98952  1692
42310  6881
15065  9991
1183  7725
90608  1049
72524  9495
9582  6720
12440  3832
94117  4987
97140  5189
710  5175
95547  3934
16587  7780
41245  269
46938  1075
65920  9792
77738  6419
8903  7789
81087  5107
94526  6380
74873  5482
91244  1803
26178  4744
87824  6981
83942  5232
76514  4585
2600  9887
66290  182
31216  5924
65213  5103
9563  5051
79535  7573
35507  853
39565  235
20750  4527
56888  6
76494  9249
91659  7679
45360  583
11590  5410
71903  4989
28232  3876
46355  3334
84964  2274
26504  365
19161  5291
27514  3718
99904  3374
59480  5397
87081  8660
66344  4088
45632  6366
36601  9019
9203  6197
63431  6157
68415  2066
31884  2366
68263  5270
93001  402
89604  5470
92224  6296
69698  2126
86205  4258
53810  5994
95235  8091
16952  9033
33305  7938
58687  3380
53599  4245
37667  2776
52597  7365
5232  4491
98176  8264
65356  3153
73760  5384
89474  2035
35627  5888
93606  966
22221  1820
97915  8061
40103  2817
70866  615
80709  7873
35431  2271
45703  2559
16650  6975
37838  6102
20194  5644
61944  9090
8369  1336
87533  5857
35702  3143
96129  3452
4193  913
76124  9172
93623  8475
47762  4067
16617  4404
38898  6995
2972  8723
48863  3094
35391  8970
8162  5263
95212  1241
49033  5033
7343  6108
73664  6577
8100  8654
51230  3814
77264  4903
41369  4127
79606  1632
17679  8180
15113  1079
60587  3479
22318  8162
48008  7267
12123  2255
86228  3504
11869  2800
47906  689
59810  3553
73809  227
79766  1540
52564  3695
83765  8400
48069  6969
82788  3870
11089  6604
58332  8786
81871  1139
19265  2951
92559  6783
301  7252
30030  2989
20144  7770
69332  2560
4180  4631
85296  6019
69796  7198
2415  2041
21814  9718
13590  9509
31001  4943
62031  7872
31544  8692
5446  2569
57205  9023
38514  5454
50001  4230
62224  4838
52045  3546
3425  4892
5261  2995
85756  3057
32290  1755
48939  3063
86961  1963
10021  4001
91589  3974
21294  6377
53375  5979
39065  9430
57931  2016
20319  4073
94799  9353
54442  1618
80896  4568
20776  5020
61409  345
44428  4047
56618  5243
9963  6329
31666  5936
18857  7216
49368  3986
94316  4122
70678  8024
20975  4760
91552  629
88621  1196
58409  6983
32475  3560
78530  5135
75661  5175
11995  9990
35329  1875
34165  4762
33058  537
93419  2239
57399  4574
86756  4731
85036  6052
12436  1667
96246  1049
55376  3591
61206  7215
20582  7180
83113  6870
8045  3338
97862  5794
38624  5478
80412  5998
71288  3617
9705  643
18823  1422
32489  770
76457  3142
31822  4145
82442  8227
64900  5006
15688  1855
83371  7754
83442  7893
95310  9607
94331  9117
63420  8416
96616  6225
79108  8111
29064  6937
48101  1208
81910  8937
6188  3660
78308  6567
31576  1180
11373  8257
7835  6057
35975  3197
55160  6946
69430  6892
95711  4775
56328  4648
48567  3102
95075  9662
31703  8998
92119  6094
83049  7374
41177  6855
30543  9176
3149  184
80430  2566
2713  1267
80624  8846
79099  827
73918  9990
11194  1473
57244  8511
1558  7860
55830  7004
28216  6245
98684  3683
66407  5802
77057  3695
76313  1966
10648  6409
20345  822
89653  2004
3768  5071
86105  5805
81424  1333
30580  478
4444  5860
35687  5320
23076  6029
67821  5880
81439  1306
84831  3288
51456  8074
79855  8047
38221  5389
31038  6384
85009  1267
9233  5993
22544  6213
850  9563
82611  9849
36450  3214
15750  1723
68476  8042
82920  8087
38379  7097
28265  7187
76865  8570
37182  6343
91709  6553
12741  849
31444  5789
25684  3339
49268  5801
43909  2357
72099  3978
16425  3274
58752  9406
5215  7908
74652  5779
45826  3649
1872  7363
9137  6568
47977  7257
69668  2052
31172  7825
26658  8964
21157  1902
24136  92
77075  8957
55971  9650
97022  6540
32674  691
19455  9215
59312  6585
78868  6034
86166  7790
34241  2318
83746  3913
61607  9092
2491  1722
50836  1382
36604  1954
19691  7986
46276  613
46349  2117
17270  8306
94728  6097
52425  1979
16806  9651
50874  1696
62223  5366
38680  7181
99540  6390
66310  2255
44158  4925
29229  4988
39073  7138
31041  3673
96895  4044
63404  6247
81375  3467
88943  3246
17665  2324
92082  7755
9236  4103
10347  1100
76192  6421
37054  780
8052  364
59662  8322
55244  9703
90513  8298
24622  9209
47882  4671
73824  7452
70699  6453
32132  1001
19273  3826
21540  977
99193  4981
94926  399
79962  1728
5755  2166
20106  168
325  8995
54723  4754
99108  4572
97517  2333
82627  2414
5609  3422
48371  4077
7695  533
51666  2611
69852  8022
59781  6668
35794  3955
20357  7493
54372  7770
92506  6025
42904  6398
5846  474
76841  2492
59233  1261
16177  3045
8315  6844
71695  6729
27597  1913
3314  9929
41633  7192
96941  4033
43491  2569
3284  8480
95849  9404
11239  5809
96019  3440
71311  595
503  314
74599  7972
32971  6051
22515  6890
72928  2196
87805  1023
88199  9160
48037  4097
65344  8193
86306  5447
94084  5284
12003  8703
47894  4513
29271  8746
59857  1272
82393  7915
10318  1142
17806  8622
74867  2231
77335  6076
29276  5389
96774  5224
35289  787
71730  9858
8191  6510
63221  21
8233  5501
45719  2546
58952  7755
40266  8909
84362  4155
68016  7027
47635  8811
90092  578
73066  7499
86498  2081
83708  6632
84534  8242
22210  8870
33783  6007
11428  9724
14790  8933
89286  4168
3755  2362
14292  2672
49473  4190
22321  6264
78881  3303
96163  1804
70840  6333
68660  51
8981  2615
93056  9414
72956  6067
58343  4003
30584  7912
8556  3981
359  1450
52671  2619
70477  6462
93543  9786
65657  5241
33616  5566
20654  1484
76276  5275
19030  6442
5186  8290
29007  6788
18346  4048
57369  2541
91101  4013
47867  4751
93789  7275
13453  2256
10502  5288
93040  4410
9251  5594
42221  6011
23522  8572
64387  1449
65773  8777
66137  6820
36340  788
25976  2883
67163  4909
7306  4457
84574  7858
21331  6063
93399  2897
68059  5782
26463  7753
43740  3882
42989  6139
69343  9472
7197  6883
50683  7011
83674  7240
47395  9292
80922  6069
71198  3932
5158  9829
46442  4616
80758  6541
45576  6220
1716  1704
87029  2230
9172  174
81682  5901
54741  1187
59984  7754
66324  8775
41058  4901
11148  4831
97330  7525
48478  4314
22231  8824
88799  9160
66990  9677
71029  7565
7241  1733
80786  7467
46426  7905
99831  1986
27860  8888
46715  8500
93833  6714
55788  8383
63413  2992
6615  9370
99597  1100
43174  8999
25160  1195
64508  7991
15247  2211
68756  5529
54528  8827
45020  4742
62684  9423
88010  8170
50838  1127
46200  9257
39053  155
33357  7897
65730  4071
65586  5714
16335  1617
47644  9327
1069  9714
7280  2192
53269  5229
46570  1226
32816  4300
20127  2643
81999  6638
13970  2573
65955  626
89705  5376
95361  2218
11353  4254
78721  3502
85933  3575
97576  4821
40731  414
80206  9690
10820  8637
51172  4802
9274  2558
15297  498
93876  914
90129  8793
28945  7951
26294  1439
954  6327
97711  9443
71121  3688
1580  7200
31404  8916
29024  6014
79012  9967
41569  6746
27174  6630
88637  8064
12441  7935
30022  8961
93148  6300
14380  5593
42690  2922
43541  5930
7375  2912
83307  4701
24622  7432
94235  8765
18125  7978
58505  9361
23874  1002
83691  497
67390  2889
40851  4173
32439  4100
94950  6770
53895  751
24139  7604
60613  1236
62276  130
62294  8613
54858  5014
17605  6222
5105  1691
20137  5991
86294  4899
20759  9014
42126  3247
84882  870
89317  7828
79567  9780
68814  3421
36224  7954
49865  5889
43183  8413
42651  2965
96698  7493
21328  1520
66140  9366
55939  5428
85860  9332
42058  9916
43397  6748
9526  7913
55451  8232
55568  3497
99328  7957
19540  9134
82012  3714
37515  7050
59590  8178
73099  2067
42877  2603
42752  7048
34434  7833
76175  6118
7181  2909
99534  1989
94041  4993
73219  2129
84595  32
54992  4179
34500  897
48846  5717
15590  2568
36640  9051
64230  4270
6853  9565
68960  1576
64678  7020
21798  3232
95921  9625
16863  6915
57577  8120
91246  3588
24256  4379
80475  7773
65995  9663
32326  5379
15868  8476
47525  9122
15746  1703
63119  6320
23048  2302
9312  1465
24200  6505
15784  1139
20991  5799
95448  3853
62071  2993
80999  6594
45279  6621
15441  2221
3666  5612
9778  2170
12786  872
702  5264
39373  5394
96132  7910
85796  9568
9637  128
79604  4930
31118  2225
88545  3693
86287  7651
92220  7597
55821  3998
66133  2449
46472  1097
30799  9039
13280  1503
81437  8766
98208  854
8595  8782
33685  4849
33642  3899
15585  7589
65360  7421
63004  5937
59273  2471
96914  3508
93301  6645
20265  4098
44782  4167
96482  1497
49769  7852
41776  8844
15200  4313
4627  3024
96211  5545
87565  5053
83212  3998
14755  5858
50093  6611
46947  3359
27407  96
48641  6523
77829  1701
99083  9642
21352  2450
12572  3084
90409  1953
12322  53
87380  6829
15727  8167
4953  3903
36710  2842
95297  6733
86885  2187
93580  7525
24854  4772
59706  6630
15746  1738
45216  2318
5314  2062
2033  5719
39557  3354
15405  8433
15333  2321
95012  4713
8364  6620
35209  8773
65454  7489
34407  2757
85718  4040
96959  6320
92084  6138
98571  181
66694  6203
25352  6155
29422  3154
21300  9151
36438  5060
61833  985
715  7763
37759  4283
50010  5059
78638  7567
21204  5618
5840  9409
91091  9386
39438  339
57737  344
49385  5613
57202  4161
94516  2754
93909  1213
88708  3857
43525  5295
89108  4865
18968  3374
92665  6141
23939  2352
97374  3641
128  9504
72525  3819
9804  6070
66673  5472
23131  6854
39353  4298
31361  5708
38644  6322
7182  5640
43426  1383
17956  4277
52446  6535
70416  1918
75213  9866
47911  9068
55564  1070
9779  1890
65007  4306
7821  7137
89298  8790
5279  1189
58207  6297
29870  8988
78867  2838
56349  1651
32570  7326
24242  5034
43628  4017
27234  5996
84886  3841
66929  7352
19680  5875
27537  3182
21696  1937
92362  6078
79333  9956
9848  3925
36225  3228
35282  3577
4196  4950
71151  3856
80286  9180
96480  3350
11243  9931
59059  2963
23861  618
87832  4573
58950  7661
76510  318
77868  2110
60203  6399
10179  3154
62952  7380
20133  1800
66881  3577
25617  235
4693  4679
28835  3193
69912  9929
25652  6829
28061  7248
22300  6558
67630  1654
77614  8677
62136  9199
66471  7194
36413  1098
21143  1880
45536  8832
30804  322
2919  7881
53505  7997
4518  1047
72384  9592
53618  2842
29308  1791
96000  6282
57681  4843
45069  7635
31893  1482
8431  7702
27875  3866
58318  1781
95604  7242
98818  9391
6260  1121
1388  1927
6725  4160
24086  9897
48470  5963
86956  1121
79419  9852
19240  6173
72106  3067
22416  1720
18695  5115
15553  4948
65930  5290
78403  6225
99620  5365
26003  8434
97036  4821
6318  4437
56934  8293
76612  3157
43968  1783
14792  2111
53977  6443
46885  1884
62150  8436
74230  2963
28347  7734
52374  9177
1837  3375
6691  2267
79729  6177
41064  7111
37208  5052
30784  4196
59390  5442
88441  9456
11779  2704
85108  7318
89160  6333
43797  2677
59813  4812
83965  5853
84797  3354
54124  8839
18181  454
14391  4062
32546  3547
92814  9883
19100  6427
27565  4535
54083  5901
81260  6604
135  2598
85804  8267
51538  4205
24223  2060
52644  1947
30087  2603
27351  2451
84498  5731
58717  5322
66769  1934
91555  8644
36173  5491
91353  7077
71172  9231
26845  6674
50090  1973
23649  9810
12889  2835
96775  1395
6943  9814
94093  3724
45164  4925
43004  1056
1936  1974
69054  1075
97540  6420
96692  5854
14533  1764
81684  7694
35046  2240
20717  4945
44375  8396
37028  6467
23400  7194
98666  4621
68671  5762
21734  2073
4446  2244
29678  1384
95750  7914
74245  7273
92997  5027
81221  8630
82797  738
81820  5744
68626  1828
82209  1144
14122  5329
54264  3754
29717  5740
66557  8722
39286  4533
73226  8869
86816  4583
34543  3052
67795  8614
63768  7649
21388  6869
48932  5818
28159  5584
91087  295
39525  7075
36635  8031
3101  5553
13379  4441
68946  6640
72430  3666
20737  6667
42224  4800
11239  6890
70978  3421
63446  5207
28074  6029
22951  4395
34048  608
92354  9744
35965  9293
79210  7070
71431  5453
12030  5605
99963  224
43196  7963
62444  8193
8839  6418
95007  3658
20165  3130
96478  3075
18192  7192
13317  8773
99330  3447
60420  2504
64721  5533
51137  2612
42226  5888
74937  6327
14888  2080
91435  1023
28601  4431
85888  5475
60159  1588
18388  2051
97878  5683
66158  1106
86260  3362
31202  3297
85123  2064
10028  6508
81617  1095
96798  2205
91364  7141
32726  2230
51790  8659
64701  9980
88141  9245
77798  5983
37505  7420
91224  1606
44581  1872
85090  5445
38668  8888
51391  7097
76065  7981
24485  7530
64818  8207
1024  5410
42816  8820
63462  3820
87627  8938
84844  793
32238  4365
76671  9068
66025  7892
98053  5631
71142  6455
58040  5507
94652  5181
22705  5602
46336  4502
23301  2012
48801  6756
41270  3496
81746  5601
52138  9882
62716  567
