200000  500
39334  7102
80885  9888
47756  6896
2542  4967
89409  8652
50181  2090
83254  2405
40433  2827
87127  2821
62754  8398
46432  1801
57607  704
71383  7390
72314  7195
39157  905
863  1992
64692  6514
73830  8767
45477  3741
53338  1773
86727  7360
26092  571
16637  6605
56845  7729
88501  3298
60724  8491
75860  3213
8515  7172
97390  1090
31796  8184
6838  9850
7419  9373
96095  7421
88992  3930
39601  5544
51410  400
14611  1229
61617  9349
61905  7580
23341  5696
70098  4138
86376  1075
98157  6133
91091  4186
74267  4269
33566  7814
40317  386
8434  2557
96450  256
71179  873
84291  9172
3878  6917
27150  8915
52472  5190
59015  5535
89248  8666
32107  3812
78941  5830
3770  3216
69343  950
90488  2515
94207  1487
55293  2063
12377  9159
21199  6811
72843  8879
63811  55
60101  8781
89149  3479
82475  3680
44728  287
14094  6301
21742  8483
17291  2967
79272  6645
81388  9727
29615  649
87905  9296
71098  5919
42414  4712
9754  6748
7117  2774
10255  4700
33467  2371
76750  7559
97486  5093
14361  489
94989  9717
7301  3907
68025  9979
2305  7803
6731  918
10508  818
87013  9408
27778  442
3748  3853
85569  5743
58269  2803
14254  2953
87287  3391
4707  7823
15793  8894
10624  9345
90550  7299
25608  9021
33375  6719
995  1102
79922  621
29058  914
91811  9342
62513  3721
47093  8030
82618  9403
80964  874
18287  4886
62965  6459
18497  7202
72701  5450
66206  9795
29587  6881
14274  4645
46796  9754
4366  2558
79586  5420
29559  1480
46594  1963
99218  2341
57058  1587
52908  2897
56057  9510
35525  9785
41422  1409
2144  7186
76485  1405
61990  2458
69391  7141
78496  1703
53843  7982
95588  8430
1757  3192
98962  8592
80079  5378
89589  8988
14244  1605
1848  2442
65619  9561
87723  2301
7189  3158
76922  4696
34375  3146
99590  8861
20048  7905
93066  5947
31178  322
41008  2046
10205  1055
4587  5007
59165  2929
31406  5913
38228  4139
95149  8789
771  3980
80339  9309
94470  8780
79934  8224
82666  5983
92189  3468
68411  9318
67209  3809
85626  1558
63125  8194
24426  6122
15912  5979
14628  5994
74344  8155
96076  882
87397  2709
50759  712
36916  63
85658  7990
93603  8414
14767  3623
7379  9962
84011  5459
64948  503
37363  6771
61965  4485
88236  51
17472  3451
7997  420
76406  7844
44145  1715
52732  895
62901  6917
59762  3501
98727  8682
73632  4429
6776  9874
81678  3657
91916  5379
54859  972
64570  3530
34025  7666
89212  9923
48045  800
58407  134
93067  3208
83969  7203
23889  1655
65953  1010
14520  1257
54271  7726
63502  8191
98259  8050
46514  6337
98096  6703
35388  8790
34218  2329
55362  5451
8233  1542
97234  7740
60146  1362
19219  7020
85931  4695
54580  4333
69704  2324
21925  7194
50946  7303
89906  7865
44916  8127
61951  6702
15011  1593
90296  171
87639  3631
20187  3816
18387  9600
2605  7311
15708  3033
15312  8719
20965  8244
33240  5975
18009  3406
82947  9022
10665  225
52651  8766
70017  7608
92521  4501
41218  710
26522  6908
72783  7648
53857  1137
93825  7308
68388  3856
43032  6472
17968  3258
94037  2047
40349  4721
46800  3122
21356  564
56226  7894
90323  5613
45472  7036
63658  4564
40238  7855
77199  127
83061  2769
42376  3250
26760  6068
20558  6510
62390  1929
59136  3136
28944  4120
1528  1369
58734  3546
36805  5248
68388  5989
65834  4156
10656  3875
42351  5317
15062  7301
49027  4607
16962  1838
4764  7687
81250  7989
22725  6427
17803  3327
44302  1785
89031  5262
84941  4214
28369  4564
99969  6498
37647  965
58122  1343
46478  3504
36693  3692
22847  3947
22825  2681
12968  1150
15805  4485
85093  4119
62857  1072
54429  5236
18717  689
88126  3646
90802  1931
2511  7835
59801  5466
85015  1020
95043  2413
68213  9182
96544  4940
76205  5415
96236  1903
18702  7178
98266  3865
56796  3066
31722  9203
7399  6240
37808  5899
6481  4230
99138  8727
40382  3863
13290  8433
29152  2711
72154  2284
71567  3655
93820  1039
60436  9435
74851  8504
30562  4038
62019  9402
6223  2366
49417  3978
27485  553
83717  1246
51404  9653
57629  7850
29549  3682
37802  3903
56570  1035
36562  8467
55198  5701
47750  4734
95478  403
89602  7516
8960  1543
31252  9941
32676  8120
65291  8661
96506  5533
44638  2529
73923  3923
51972  9642
76181  5155
953  2947
91962  8898
62043  8307
96377  1260
79521  4451
25765  3915
59914  9654
97636  2329
51058  8448
43451  6530
54344  596
26140  7465
55283  6080
14130  9213
25731  1730
24250  7065
3078  8731
21214  6344
73596  6746
26118  5323
99938  7128
9957  4234
76831  8080
27470  1661
82065  1916
90422  5979
14807  7820
84595  1798
73747  5711
20225  8257
77538  1409
25622  2245
1739  8255
15825  4469
21063  3891
15169  6537
92264  5786
95693  2171
91242  7501
74238  2964
57079  8883
25291  6351
947  6871
36337  2168
54657  7534
55802  5569
73713  18
88463  695
82402  1688
34206  9902
33394  8731
66837  8487
87299  7367
72252  7763
36084  7807
73898  8641
41240  2734
44035  2979
72886  4936
50993  180
34714  6028
12616  4135
14217  7878
61282  9437
76298  3716
47935  6976
14487  309
60161  9336
468  4707
68380  4039
4283  4668
49976  9168
5274  6922
93113  5263
27624  966
5894  8018
9519  4176
13624  3674
85143  6438
15308  6000
85182  6173
36607  5446
34274  1714
90515  2096
87905  5769
16441  667
67293  7502
99730  4260
46107  1669
26884  6231
8793  4750
44997  5431
74840  5703
56145  2067
54235  9774
52912  2028
13541  6866
37209  2240
2202  6525
19038  5248
5437  484
73396  4120
83445  6940
4168  3898
38584  765
39132  7060
29044  1580
48142  2549
99385  2813
60798  8791
98443  7292
22229  3094
54642  353
50033  7808
91745  4107
23544  4755
30109  4946
49401  9051
19859  8660
35075  863
50902  6324
56294  193
82154  3675
41250  606
82752  9431
82942  8610
63378  4513
99888  4210
30660  1839
43508  8488
88254  573
96735  4308
15259  4218
30412  6084
63996  7732
592  922
12010  870
83932  829
51661  2842
19924  6038
87972  7162
45293  8300
96909  3370
78034  8992
65150  7325
16777  2146
