2500000  2500
1155  2130
68892  6596
10708  4811
75665  175
10653  1415
13490  4700
35691  7463
30890  296
88841  4843
42148  5647
9771  3030
77859  9546
42247  5479
65711  5891
43102  9881
18722  2091
57021  8561
21900  2106
14079  3300
94216  3307
459  2102
46101  4237
8018  7864
71286  6365
96789  8948
45460  8267
43805  6682
58980  2906
92569  158
94027  3609
52476  2770
97827  4958
88342  7856
78678  7498
85182  2839
68251  637
27049  5860
18000  4999
30133  7963
44724  7918
49569  6543
38770  9531
34476  3970
93001  8224
87127  6136
11393  2953
31215  8015
31858  3998
71523  7832
49261  7390
35423  9503
48009  5040
69462  3692
8190  9872
18342  6170
65661  7312
70180  6846
16674  9333
9296  8229
65308  5021
60426  5285
57386  3611
32029  309
53396  6738
41911  4614
45415  7738
37435  3294
17366  5825
27154  8848
86793  6930
65576  6488
17442  7459
49328  1210
53512  8801
12125  7507
6897  4334
16466  8593
84642  5911
91112  9940
29859  7786
70841  9488
15839  2014
60579  1470
48755  786
76026  8698
27306  6784
13051  6443
11957  4278
87683  4402
93916  7876
3515  9555
51146  974
22329  8815
97359  6892
59007  5386
40118  4890
39477  9526
45824  6721
26664  3895
82543  293
98402  4821
44711  6115
46709  7551
79346  1953
10419  8787
59199  3483
6525  4483
85759  15
88332  4802
14239  2002
76830  677
23341  8350
63843  8258
1463  4661
80974  4214
18418  8809
80265  5602
98223  6811
79876  770
24151  5954
71016  8810
71416  8073
41416  6349
41924  2556
53632  5246
86186  5495
40493  4385
14227  9464
99126  7936
39887  4089
32169  5040
15053  3282
23028  335
14297  587
91316  1705
96207  8018
95055  8171
98357  2367
31659  5531
62539  7290
69833  2484
8160  998
91734  893
22756  119
11392  7550
78329  845
60199  4243
4764  9372
94196  6570
87259  6
42653  1251
63191  1170
65191  3855
56713  8234
78745  7688
12194  4841
85672  2794
2088  7813
11350  3492
43695  4415
41152  5985
41989  6765
23987  4529
9650  8004
39094  2604
89632  4714
3751  3918
16188  4986
27942  3082
59709  4164
71558  7150
23789  8923
38713  3680
76406  9676
50677  524
47092  1944
81422  794
62565  8190
67428  7606
85502  8801
60197  1735
62088  3517
76095  1538
25735  3066
90275  224
64554  9917
89196  210
26543  4803
81664  6947
62480  8769
46796  7513
21933  9385
56323  4376
35386  4794
30258  2728
95773  7434
48008  2323
60276  1689
60891  5771
64720  6486
57699  6866
83476  678
13207  8536
63905  3781
52807  1833
31435  1016
16444  5231
11090  4863
68910  4174
70713  8915
35934  8698
54738  7997
50689  3790
15120  2053
48829  1063
17737  2876
45191  1136
86020  8586
9415  2383
948  9350
67230  4202
95288  6793
55519  9716
96416  9272
46940  7981
93304  1105
80877  3316
32660  7684
56569  3390
87959  7200
16778  1170
86301  5756
63971  3138
28062  4179
76346  8707
86012  3167
94777  3656
53813  5352
58642  8444
48392  788
87943  5007
53328  5888
4538  6778
37462  9202
70361  5583
68911  5203
9989  8192
89934  1541
38165  6085
45328  2514
37722  1327
39824  6961
52896  8581
76138  8792
14247  3537
341  7630
55472  4218
3525  5703
2519  3610
58667  7275
65043  3224
39522  3144
84930  720
84190  3601
82862  8829
44770  5033
11747  3657
25792  4505
17402  4051
71689  2387
89679  9682
2393  7502
22837  9005
14661  7200
76039  9859
27547  8149
61960  2284
43645  3996
56635  5619
11511  6052
91828  1417
17605  9585
85047  8819
92884  3603
86532  6521
11009  4253
20395  4008
4129  8409
66019  6490
17923  5692
33450  3863
4113  4216
30598  2435
33664  6648
1620  9642
37160  3418
51226  3141
88805  1686
62432  1794
5549  8499
79688  382
64928  8946
78235  8262
34886  1147
47188  2280
75997  853
48664  1210
28676  9756
46458  5585
51417  5397
4704  3582
7068  7151
7011  954
97367  862
68575  8651
96696  3136
98813  1005
35337  7932
55172  9508
50731  378
53559  8081
99801  6217
12367  8941
88703  6524
45536  3479
37947  3292
97047  9183
33005  9505
46885  9835
33522  6671
96179  6604
3475  8789
36803  8995
91694  5109
34545  5122
60369  8885
82859  9555
97418  2987
91160  5351
74082  3952
23086  1394
55894  1657
79133  5142
79609  4764
36424  7371
34683  404
30337  1584
67178  1387
77244  9751
82062  8277
67014  2638
33869  4318
90444  4714
96546  3981
11261  618
13957  4268
65661  9903
16667  6601
14504  1980
23535  4888
77265  6629
37273  18
79869  7340
9667  3809
16944  5384
18148  9142
51615  4241
14432  1095
72228  7740
77811  5
47359  6327
45100  6516
23834  5285
37376  2768
72223  4655
83428  2917
54207  3972
7576  5817
87460  8285
50631  4023
22112  4930
32701  8810
16309  3872
91468  2486
9390  5007
31893  9894
22554  2436
3400  2309
88801  4029
14835  3068
15285  848
82869  7595
90880  4161
17754  6657
44302  7587
23315  5603
40963  1501
80000  7960
58189  7046
11294  4057
80513  3709
50423  9124
54883  5708
29280  8518
74371  9181
17138  9931
84976  211
38998  2926
25942  3662
25180  2111
67671  7370
30519  7653
67636  5300
58294  5107
3190  9196
77968  3918
94356  1368
95831  4790
70288  612
98140  3596
88044  2768
61666  4382
44382  5769
84799  6469
49958  774
80186  190
3774  4434
79196  6565
36968  6531
87428  9210
93290  8351
87305  6230
2953  5337
56191  8395
25914  4517
62962  1322
82270  6617
56123  8607
50976  5067
66769  1133
2774  2574
27949  5930
35353  4256
64858  6147
62607  7550
84903  5287
30952  7527
73936  2761
65133  1029
25833  8209
71553  5630
6943  4643
54993  8627
15555  1124
23459  4159
34360  9959
28867  6556
20978  530
19168  370
60282  1202
30955  1997
66993  4081
50913  5410
14281  3765
38640  2116
92245  2084
19667  7125
50466  4985
40891  3923
44785  9005
96869  6509
78235  8953
9081  7222
14042  2721
37990  6547
15416  3751
95419  8244
55773  939
69728  4876
32881  9087
62201  6629
3085  7086
73952  1294
87165  8232
23187  2708
79245  2395
47296  9068
80480  9955
48692  5451
47210  337
28072  8540
68158  4912
46279  5857
97279  8892
34736  9689
82098  6680
34646  5524
6229  1015
44415  1116
80039  6959
1529  8354
85329  1444
39815  2905
38665  8499
43700  6649
36588  9264
71556  2962
3371  4367
36274  3559
76805  5103
15840  2148
2668  8382
60941  7321
59688  6746
78603  2749
51729  1419
61401  7984
26071  5523
84924  9101
35500  7277
13269  7393
65246  2128
95578  7583
63756  9779
58293  8816
75989  2557
67035  1646
81497  9922
91660  2281
32854  8839
196  5961
39276  3355
4690  7037
91488  3052
39751  7240
73501  5170
38987  6764
45367  2167
47340  7439
11282  3185
63848  4674
86742  3826
73716  9324
28526  1963
80391  1627
59290  9199
88412  5431
35517  4729
46103  216
53457  7260
30571  9670
65473  7848
9286  6709
29845  2196
65196  5880
52076  3181
40675  2486
32449  9610
89224  6897
16439  177
63902  4030
41234  2958
28967  629
15649  5407
69284  3067
1580  8002
70564  7969
80748  7558
96499  9297
15583  3689
79076  3901
586  2703
14318  898
76139  2714
16594  5045
45839  4996
45922  5084
62444  5241
54857  1074
38933  6561
55081  9440
16505  6588
47209  6814
9566  1573
29544  1742
37137  558
66046  2256
75528  7029
76379  6651
26197  3954
34183  1407
88281  9303
34303  2378
52871  4967
4340  6046
11052  8652
83049  9599
66579  5060
48071  747
76314  2241
25009  7469
41223  767
31183  4674
2834  1787
54073  3349
47639  4760
80393  7142
63903  8833
60741  2661
78741  3335
17010  7425
66099  6346
41683  419
11216  6352
40806  3246
77372  4042
21876  3191
96229  4245
70397  6824
83017  4151
10847  8998
71894  5988
42198  5324
70645  8410
35129  335
95395  9364
9959  1824
56530  1415
81100  8580
34993  5510
98068  9890
65867  4413
85099  458
86474  9765
48124  5090
74817  9240
35093  897
19050  1058
59067  9427
21829  2955
4820  2280
70668  2471
26573  9371
442  566
90816  5730
5325  1951
30587  3210
57481  4808
48632  9629
72959  2354
27060  3750
13429  1955
70732  5963
30252  6218
64515  9622
63403  8681
4898  9969
91569  5727
68202  1324
58938  9966
8827  1702
68999  2646
71486  4103
30526  7297
67121  1979
37327  1941
76488  5289
34560  824
25495  1054
78018  4989
96193  1542
74740  8247
1625  2358
39167  3928
8270  4026
48787  1732
67776  7033
99705  3874
6373  1040
17513  8868
85003  3404
6285  8143
77979  4155
58347  9369
4185  9951
69395  2296
35251  142
12826  9061
67415  2591
35971  9157
68236  7678
70408  7257
80022  8506
76424  2772
65787  9346
60581  7204
72974  278
50193  1355
69855  4053
52321  2026
76582  3559
23542  5904
75301  7975
80978  7908
25140  8282
21322  7546
10006  9700
74549  4529
98536  1368
44274  5497
54425  380
41787  8633
48828  9125
37548  6663
63873  4677
17746  5659
31606  771
6892  8928
25059  8913
11300  5428
47887  1096
38776  7916
44666  8102
14349  4066
73137  7400
39491  1633
57478  8328
52063  821
25252  7444
32898  8002
5619  8769
17970  7718
76494  9940
94181  8086
37345  4851
29041  1713
15629  7542
23199  5874
73657  7690
3587  4643
64076  3103
54162  4461
47732  6358
80408  2212
16444  5722
1799  3377
13446  6562
4149  2637
65442  5279
53663  2149
72179  4882
27961  1740
33810  1687
8812  5025
9648  2448
62841  663
23331  8270
76160  1308
60796  5649
71623  7125
3940  1510
61041  4202
55724  5579
76628  4431
82376  6787
7817  6140
68146  9338
57657  6112
1349  449
73489  9248
85560  610
69939  2903
66225  6292
72015  3184
38639  3100
27751  1860
38074  3720
33230  374
41306  1073
59095  263
10047  6145
27963  9954
37624  1857
2456  7859
519  9206
91815  3740
79405  331
48277  7228
53601  2820
79836  9957
60859  2436
32110  3977
61120  5020
2660  1723
806  5205
15211  2946
91940  7367
68912  5891
56392  9839
80181  4342
81525  5601
18848  356
88135  5022
61855  9239
39115  5442
44062  8212
13962  5233
73108  4409
60572  2494
99583  8631
66854  9799
74234  6617
38627  5311
95803  5684
54407  8053
65447  6525
2690  4055
66442  5789
34761  5743
58421  9307
51493  4780
1762  3383
54559  2300
8067  8855
20883  8445
84821  2477
56427  7059
24425  3760
12216  2867
65705  5571
13234  7253
13858  8375
34040  6568
15779  5001
24109  9739
50015  3018
22817  5694
39749  7858
27097  5509
33136  3861
99498  9382
92791  8427
60383  6901
80651  8405
9836  2106
39518  5633
42092  6225
8398  6673
39432  9195
70533  6743
86710  1270
24105  7203
41946  4946
26897  4787
42409  5097
52677  4957
11760  5760
23968  2169
56325  6537
231  1844
96066  2234
93255  2561
6215  7414
4815  208
39628  5759
71512  5860
10240  8709
87077  4685
97891  8465
26434  8407
56465  1958
52468  8908
52947  8118
19566  7015
5431  8560
97360  790
55460  211
66472  7510
91985  1093
98443  426
98065  5482
41779  4695
65115  2799
80440  7576
79502  4658
11229  8598
56049  8214
872  6863
91820  2123
50980  7354
8553  5344
52678  7102
70401  9631
6324  9281
13553  6461
92082  8176
98494  5804
68696  4812
63165  8159
73117  197
45423  6201
17716  2780
43580  7117
13091  4130
62975  2931
583  9665
76572  4010
11507  3663
2996  5440
99003  9364
27338  2734
78983  2994
96451  1038
2882  953
87234  3048
27087  9041
56122  5081
11753  4335
21582  4874
27804  4270
66860  184
881  4892
53650  5114
85702  9209
80438  9190
5596  9747
21957  263
61588  3364
493  6155
74284  6568
2969  4317
66162  5197
8209  3679
33406  1275
36492  9814
62293  7643
42516  1197
55718  9377
44523  2798
87129  9964
38931  8370
34166  2727
40357  7081
3763  3192
60949  6665
37458  9910
42151  8211
84541  5973
21125  2844
2980  5230
21130  975
58163  3552
57446  8464
97716  3482
28529  809
54403  4743
25795  6611
26281  7753
23094  5744
4563  4396
51131  4651
41911  7428
99836  641
95106  3834
72293  593
49746  2654
95309  7780
35911  8320
67729  4279
24547  8854
72479  6803
33786  1940
69650  1651
24762  8094
76473  4881
28105  2273
32022  8261
51666  6384
57308  4779
98852  9133
85351  536
47482  1734
10061  2118
33551  7888
31956  3916
33593  9380
14414  9111
16749  3257
15738  1253
75313  5233
67755  4251
66088  1034
88298  1085
23188  7900
12029  1954
67022  9555
22162  856
28410  7771
81413  9691
6225  8709
71072  2346
55317  9579
53191  4623
46665  6502
76298  6757
98414  5327
23338  3308
40366  2817
55118  5469
35967  528
89085  1558
40712  5166
17268  7352
61616  2066
16583  9949
16312  4391
83750  5475
40951  7225
37607  8804
82532  8830
85266  5956
9901  5924
95839  4538
80145  1577
27547  9998
68989  7121
25004  8332
28249  1630
77833  1799
23864  5656
30495  2962
95122  2180
52160  3985
65251  9840
32503  6076
31399  4320
69315  9240
55664  6721
24000  420
52123  3420
2542  8007
4090  4920
55836  5158
13898  4125
56917  897
85516  725
37752  5159
7181  1951
42223  2209
18446  10
40061  7154
12565  6016
87065  287
54382  9606
53358  5784
77120  8502
45672  344
67120  5680
48099  854
69988  3037
3565  5257
35239  5139
91692  5217
9336  5511
71689  4034
21915  3396
7854  2783
39656  2540
82426  1669
43917  3691
94211  8546
2537  3608
52999  4868
29957  5174
56490  9454
69195  1044
97257  2066
17287  7347
52724  852
40443  3747
74356  1523
35839  3714
70175  6438
10022  7259
70400  1954
11530  4323
98320  7783
99626  7041
66542  8870
59648  9716
21857  4840
79093  7970
40878  152
53915  171
79863  9592
94801  9828
81634  558
82549  7941
46062  4104
15348  5070
98286  8937
94416  5162
3994  846
63373  3585
68390  9533
51060  1230
20622  377
20212  2013
49416  6442
69767  162
92334  9624
32270  792
38697  8248
56946  6967
98243  4133
84480  7838
47380  9643
69777  5395
52319  9802
90004  5154
71428  2205
84308  8646
58411  857
61188  3895
76628  827
47411  5520
28362  8555
54597  1095
34989  2089
17416  6021
83622  5977
23473  2849
96097  83
81383  4423
2653  5965
74379  9507
66665  2785
8660  2350
93232  3382
81959  9218
62803  6590
96277  2668
16422  9748
32505  4512
3726  2115
93081  2123
67637  27
70154  5262
8890  5226
75746  9050
24378  8012
6915  7225
54622  9130
22150  8750
25951  666
65034  6177
79858  7325
17949  1796
38709  252
54706  3574
23361  5060
27622  7101
80440  7572
2976  3717
16646  8562
44550  1302
42743  8393
96609  1116
25534  9922
80842  9831
96869  1763
70501  7960
63925  4733
70662  652
39764  3631
97743  9217
16281  3412
29435  8841
12280  7993
80817  7044
13351  400
96323  3039
47111  7084
56541  4494
7680  3309
19455  4842
33115  8644
31086  5626
3956  2725
17875  6516
19593  140
36640  9777
9108  7569
93371  9901
93886  7047
43656  9573
66541  8845
9215  8905
94648  4786
35563  5566
51871  3462
20472  5123
87373  1331
15289  1234
45100  1766
46889  7713
23926  4283
69273  1453
63455  9580
96023  6442
70178  3678
75567  6963
27901  4629
48765  8674
27275  1551
4572  4149
87225  6181
27179  4397
75272  7122
60481  9665
65184  2081
18747  7226
50360  7693
52363  2294
63137  4070
2391  9743
23895  3378
72396  4840
4699  4641
30074  8354
3499  8926
97693  5201
94623  4827
83080  9873
27880  221
68313  6842
45552  429
20286  6376
26068  1385
15604  3592
61946  3482
57053  752
5684  8686
20863  2837
78177  8906
66466  8403
84424  9071
31716  3780
40029  7058
41773  1784
86857  4298
17578  4823
65566  2613
19603  5365
96800  2642
44185  7938
59012  7743
74272  5798
92293  7185
41364  9344
7911  233
49210  9408
23513  5600
15448  3994
30143  9129
91054  10
76345  2590
44531  1425
15572  9442
78236  2895
21885  4844
16148  5658
28485  2060
15124  9986
57646  7305
1353  8487
82369  9121
10605  3634
1797  5179
66515  2135
32026  3813
6261  5989
26229  3721
65853  5435
54061  2338
706  8454
18443  294
1280  7365
40674  3502
52398  4119
29688  7268
27398  4415
71725  9596
18330  8572
28726  2849
12256  7895
50960  1176
55200  1025
10429  7645
4450  4153
84158  7070
9387  2400
59104  9217
27477  4800
33452  1061
9922  8826
1908  1607
14001  696
21735  8650
35680  4027
94647  7959
50147  7305
55028  5732
20048  238
56462  3768
95163  9878
26880  8066
61373  256
88732  6898
67538  3473
33165  7652
5115  7869
98857  4101
21094  7860
97083  1166
81020  9480
60070  1851
30679  5793
26184  6402
80816  5393
68607  7727
48110  3110
56455  835
44670  8542
7496  7372
29211  8442
48193  5251
29273  5338
74224  117
90464  3851
88593  7611
373  6470
99061  5658
45377  266
88523  1162
47796  4837
1950  155
98264  6544
74166  4752
20549  4436
37783  7678
11272  1539
63183  8059
93240  4391
48077  9767
14238  1437
45363  3722
53589  9324
57836  1709
45861  9720
98310  8298
54310  2886
44901  3473
80167  5410
93962  6810
17018  4410
33182  9255
39600  7274
30595  263
35290  6573
81121  2977
1381  2400
38226  9056
67234  3319
18271  9028
4966  3833
58917  7068
79315  970
35700  6062
31147  1214
12960  2643
21249  4708
3713  7511
93623  9521
17398  9354
644  5767
79430  5087
92091  9611
77623  3161
62268  1055
78306  5130
45597  5870
87938  1213
99327  5876
45888  2966
99281  7036
63091  7322
43909  2600
42195  6839
36641  3547
37184  1162
74056  2143
11062  3096
49307  3296
2518  9506
62099  3980
4477  535
63246  8145
10616  3542
25426  6467
23627  6472
81285  7405
58137  2016
61379  7541
62204  4630
44528  5140
85525  7414
133  8355
51278  9065
20268  2254
28017  5667
10849  4447
11837  5128
23288  9814
22467  6094
59666  4708
33633  1633
85679  2842
3783  6717
47350  7292
438  3772
28188  9584
99718  1828
88444  5336
43438  4437
85463  8775
6053  1763
89558  6046
74799  4363
63880  3681
42790  2687
60088  4475
81709  9346
72303  3055
25480  2256
82016  5515
47655  4872
46831  1215
41342  9569
76459  4626
84996  5033
64707  9588
59282  3234
51118  1035
79997  9611
92110  9065
67595  7886
78165  326
26428  9997
31210  5481
68208  870
54694  8435
62022  8433
9027  5061
44354  6041
43356  5653
927  9812
53308  6050
24531  3444
35301  4377
24207  2384
29134  1754
27513  600
37019  5030
25945  7055
24079  372
56103  9114
85662  4280
40525  8057
74828  6842
10914  6906
49989  2708
73221  7096
92478  2137
34235  7176
56179  2624
86519  8164
5085  5595
50809  4940
17361  3756
30596  7710
79819  9155
25424  221
80323  6709
8964  7250
89190  3522
68968  388
11129  6602
17960  5047
60048  8171
24080  6101
53997  5548
17053  3891
90260  2332
47636  4785
8937  5666
13437  3000
87691  6146
35531  5994
13801  7907
29101  5332
67411  564
455  4214
70391  3733
12529  2002
44170  6353
45270  398
61813  8749
88692  1817
40574  6084
15504  5057
81690  6962
53644  2176
32074  6065
35147  3772
45550  8868
17252  7428
55075  2900
87306  6731
22123  6892
3510  7940
67128  6466
65835  606
59652  5580
64245  6669
60623  7836
12683  9307
14642  2099
71308  2950
90480  602
92255  9180
96583  673
58530  3387
73333  7781
33504  6892
14383  3319
8197  9588
73045  8448
73604  1952
44282  4533
96598  2711
55811  4710
5419  9134
91876  6888
32034  4482
69642  8140
92092  5232
5577  8571
33493  6555
4249  8192
9459  2413
14599  4188
47343  7932
21060  4000
60007  2824
912  8773
7419  6990
95468  2492
64324  3547
33347  3121
16566  4120
3751  2963
7327  5142
60134  5384
37946  883
41773  9354
2417  8025
19071  786
59432  9246
75243  928
16603  6776
35188  9038
92318  9615
99810  1883
99431  2540
87363  9483
45449  6648
87157  6064
44113  1681
42748  5915
39606  7273
39788  8802
23976  3198
17146  49
31546  4723
58552  181
24908  1559
38849  2145
95385  2271
51502  5454
14423  2379
83517  2889
23277  229
92198  9402
22018  136
40770  2739
46615  4052
72052  8958
34283  8615
31861  3149
70451  7565
95701  7738
5101  5639
7376  9758
19605  8426
58422  6948
37248  1413
56628  8079
63029  3183
25094  5125
54694  1591
43715  8079
71963  5260
44487  9145
98621  1574
45617  6241
81518  6166
40845  2301
74172  5102
62731  2460
31983  7016
17715  1941
88178  2875
66994  8562
15377  3410
8773  5313
17589  276
70806  2884
12862  4466
63997  1214
34867  3975
75294  5116
78446  9737
182  1689
25608  247
90685  1436
19860  8005
56799  7792
31468  5835
6104  3214
95739  3972
4175  9664
79513  7034
36124  5164
64836  5057
71037  9326
7202  8865
99710  4553
39989  9995
18666  3938
7085  1624
42822  453
35153  7304
19248  3710
20278  2972
85582  9705
39472  839
73376  676
52983  7116
46908  7117
80355  4644
25833  7616
66258  3100
10981  6137
61469  6979
91969  7696
19424  4656
78598  742
62753  8816
60604  219
27583  3215
88822  8797
89631  7569
24075  4549
21249  8536
7096  5777
19293  2220
13032  2541
15276  2215
26236  7328
38186  1263
54712  4966
86695  4734
27779  992
37773  6806
33049  4818
25958  9746
468  2755
29201  202
93313  7382
55977  5921
81782  5567
67876  3805
50445  5183
49271  4822
63781  6514
19467  2383
4070  8892
32832  8937
35005  962
78142  6532
597  3414
37070  3743
78703  7093
44681  765
73255  31
9801  2240
89888  8914
66730  5999
68889  9986
34528  388
39856  7447
50225  6240
90343  9290
30633  457
56814  3599
59670  1359
72753  1422
83194  5896
22446  8212
24752  9033
81746  4673
36697  3155
33449  2294
91096  901
38640  1749
2135  869
49079  4952
69043  9277
50534  9032
15179  826
86677  9395
19253  7499
51742  1497
8486  6197
21909  9264
79764  6112
41371  6051
53492  3319
30677  4971
7147  2720
85077  8597
42423  6530
82169  4988
4866  2628
8185  7016
65715  4499
41748  5566
43830  2720
17000  6189
66719  4982
72726  7302
82300  3368
68524  8154
11813  6222
26411  8539
95839  4472
48170  2785
52540  158
1668  8601
73746  8239
39216  339
10501  9192
89183  4262
57249  5366
51379  7804
82891  8508
44166  8966
99343  1467
1800  835
6800  5778
12277  8623
53758  7854
26635  5441
35775  2458
57940  7342
64045  4235
62534  9401
6210  4299
2292  9777
64024  8198
51399  7440
53195  2897
82572  9934
63512  1873
65952  5928
30519  3970
40689  3230
90947  7600
88771  1917
28431  2539
35681  1999
36609  8519
43010  2847
88299  5460
56493  2224
10099  5438
7849  5438
69722  8593
53622  7418
25896  7144
60845  4283
51056  2081
56610  6624
59273  4139
71035  7357
12340  154
47013  7467
65138  9738
55315  8956
25254  7637
94756  5492
76112  1868
85254  2124
86357  2504
36582  4590
25281  1118
50754  1595
7751  9917
10675  5510
12049  9309
32687  7576
7691  3080
5367  909
7313  5880
55620  8923
64577  5120
58598  5111
88470  5793
19524  2193
64113  7615
67714  4120
92053  8790
7008  738
37584  7776
24186  6665
86039  2929
84581  9041
9219  584
75727  6559
13856  1535
6077  9998
46268  5383
21866  6327
83672  7058
46717  8684
13791  8231
30934  9872
86145  8767
56317  2948
24771  4992
38643  5652
58402  8103
14105  1273
10042  8591
53002  3738
40363  9995
27039  8604
80203  3296
50635  314
29476  6080
48127  7570
21236  436
65383  1421
16206  9827
7949  1955
70154  8862
19868  2084
11824  9939
81482  4102
2484  4225
33934  4050
83708  2958
94031  2879
22098  893
34366  5620
18495  2215
96150  8198
51833  975
27044  780
92143  6827
96442  309
39363  8996
34893  9574
19818  4248
57425  8171
67212  8015
74059  8062
12448  9813
85483  335
3338  5682
68692  1348
83141  2839
27861  2362
48691  5209
79053  4570
69132  9449
7824  2386
53585  2553
48365  7134
17846  6137
69331  5602
5935  3891
24466  1168
63031  4840
58567  6629
80662  3170
45749  6978
96312  7716
18216  5559
86473  7695
69807  5557
89677  9090
22954  7499
69366  2820
68332  2427
5979  6870
25457  8962
44630  4370
35972  9888
21118  782
93067  9151
24033  1038
32084  9481
37991  1024
51239  5406
53480  7623
46187  8204
93661  2050
56844  3194
71343  4057
76068  9519
37898  8808
75628  6391
97374  6979
340  1692
2323  3843
66843  9935
49596  6418
71913  6141
98671  3386
54080  3372
91626  1239
7912  3372
79197  200
35646  6865
56843  5446
65825  8826
97862  6025
43707  6321
74496  1095
80331  4940
9827  4422
54519  3497
92248  7758
51116  7643
9272  8484
87124  5567
34899  5145
18915  6614
9988  2807
24579  6595
29039  5083
70783  5369
36834  1262
47627  7782
64376  2619
60256  5299
79007  1026
65651  8262
9952  6509
19096  550
19145  8390
75962  4523
31057  8531
65913  5678
52333  779
21255  1742
37131  689
70850  3691
861  4379
48742  3934
75012  8818
89268  6035
25995  5862
20907  7990
11815  5840
49725  722
58715  6072
34637  5852
63145  2722
19708  2886
62187  490
26536  1129
62511  3875
91549  1888
38688  5488
1018  3436
62174  8405
24835  7174
60521  7289
63743  5038
72979  465
36114  8594
75158  3300
4712  1676
69968  7729
57219  5951
45714  6952
34010  6333
8011  4134
24666  9108
7389  6992
55260  5576
91105  2423
13707  2759
2266  6960
69096  6835
86833  1880
17391  9153
75736  4340
78287  1949
94835  3429
56915  950
93195  2676
89081  8048
26816  2945
5626  7916
72177  1845
82092  277
91782  5886
67900  9020
59911  9173
86133  7907
53355  9220
91645  9724
21312  3596
96747  7007
60468  7650
32214  4396
35068  36
30356  6215
65316  8998
30807  8041
7717  6799
83379  8454
77656  632
79917  4622
75535  9920
26635  1997
38030  2172
79308  413
67782  3189
36294  7822
25274  5483
60399  5843
58183  8727
58986  8335
41235  3234
4079  8059
10139  2027
82912  7529
24279  5905
27179  4921
92691  3762
33498  6474
56441  1681
27636  4458
87805  3581
2712  5553
28971  176
2904  8809
70774  7735
99643  9896
7786  9218
45421  4889
99559  2343
94806  8481
5964  4052
30815  7703
52412  9487
57508  5482
64430  2649
43715  1801
6847  9362
11781  9213
20970  6661
19006  4917
35471  274
54240  4595
72038  5300
10272  3449
42430  8381
10975  594
98686  8031
3794  5509
25411  3917
7148  4695
38922  697
27460  558
36067  9636
14888  6412
49926  2450
43881  368
27034  7057
19752  9562
7517  7503
15231  5955
72052  9971
27469  8056
89656  7687
88131  8468
357  6788
30999  5536
64439  5353
24186  2512
31369  962
53027  2816
68752  8195
64969  6263
45888  7178
35733  1308
80016  5082
35460  8969
35475  8462
429  4755
64651  8243
59900  7901
64730  7848
85821  6522
26444  1812
88964  2246
86076  5393
16838  2688
30348  9189
52636  3187
92989  1156
75370  7349
95652  4011
85873  2295
97220  9889
77300  1769
83891  1539
53640  6297
75620  8130
46741  7191
45928  2655
26891  9259
942  4190
43440  2010
66141  6066
63048  138
30845  4830
76003  7639
53255  6057
99178  9813
83106  8696
51852  5300
2133  7299
5815  1615
59417  9657
75321  4847
85024  2265
33525  7299
20970  5285
980  751
89586  9012
75421  7223
95074  1202
53141  1819
96753  6996
20978  1283
85901  1706
77730  7784
97883  3657
17259  2700
5176  1424
71653  8911
23458  8521
81502  2527
46138  6024
98129  2152
52531  5412
64713  2254
54307  4342
79429  6254
32088  8759
6469  9937
80698  4507
66056  6011
32389  8437
17759  1401
61436  9798
87565  6700
71908  9451
42641  3779
50506  8870
64029  392
93398  7991
32570  8451
24243  8135
1789  1975
93589  860
30626  1549
75965  5634
95776  6607
3625  8843
30216  2786
41781  1786
84745  2578
41602  5850
95075  616
35724  6476
76642  3465
15367  6777
35246  9525
79890  7898
69411  4621
1811  3515
82175  1554
31626  2622
81145  8787
11790  1535
80150  1961
18242  215
81670  6689
72503  7364
32088  8640
3121  9594
6221  4663
55182  9798
1321  2247
93360  6027
49314  7684
15480  6107
84994  7212
7758  6188
75396  4201
1304  2251
54780  1162
7168  1714
58131  3494
51475  8204
61120  6307
18796  2509
57623  5224
71032  848
32953  9541
31257  6196
87196  387
4975  3703
98772  6605
37687  2270
73726  3101
32195  6606
61786  3435
42007  7756
82744  7686
68052  3066
54271  4104
20169  5065
67746  4906
1922  9776
82944  7245
32686  9737
61490  2899
8354  2382
73230  2425
26590  8061
13651  7920
34593  7997
46716  9466
31657  9112
97879  1680
57136  4767
21523  1895
16377  473
2306  8868
107  2896
20097  753
67278  8037
43444  7059
50255  7972
69447  7838
17556  3863
22960  2953
28869  9541
71759  7534
58608  7376
71217  8797
66517  381
76162  7126
92443  2139
27926  8329
42011  638
88855  1600
59282  1246
7597  3493
24771  5060
52944  4380
5831  6420
93591  7017
31482  4446
69853  4293
95265  8217
50825  6033
66377  989
40291  1476
42009  5553
90516  2723
25949  1386
11936  615
2162  2841
9574  5882
66842  6141
63271  1640
16384  226
15914  8406
59564  6456
69835  441
33043  6499
78898  7974
74524  4244
29417  4442
76576  1802
85711  18
97372  3063
27536  8612
60553  1748
93899  4604
51327  1375
48753  4270
89874  6309
7466  507
2733  1155
12169  6052
41323  5870
91866  9818
2576  3824
29221  2108
26119  235
6270  6370
40389  9905
77265  2415
609  5942
73812  449
14822  2536
56133  3255
27044  9540
4496  4977
388  7073
90824  5334
11813  9964
69704  7204
20902  6225
6499  5144
46075  1147
53496  3889
11853  4529
65617  1394
21272  1887
9917  1913
7295  5163
70855  3149
2588  6617
75514  283
4897  7818
84758  6154
57637  4792
2995  5380
92206  1770
30891  3072
10902  8969
50112  9511
36400  7375
75871  3443
64611  8214
16094  8917
94250  2877
27369  7812
46909  7796
58073  1916
9575  5605
22176  3455
249  4271
46762  3322
8647  2561
67665  315
84904  9797
18328  5664
85291  7540
43748  4084
64557  7516
84063  4598
93760  3615
67918  1556
47737  6419
6125  2427
90675  7365
56248  2816
28572  9454
15291  7945
95281  5022
74319  4470
19059  25
86670  6197
14084  88
14551  3630
71790  5118
79665  9147
88746  254
86662  89
99789  7061
35956  7060
54359  5694
66943  4368
35696  8701
45815  5724
15009  7376
8242  8019
4909  5348
83582  7790
22348  6156
36093  3941
40273  7519
86285  3145
55615  3605
63918  2603
73938  7770
35353  5126
40784  8842
87383  8360
23783  700
25454  5463
75238  4740
65972  2305
682  7140
10488  9672
46551  4109
85379  9206
5743  4159
7495  6423
40964  9772
4972  54
90391  6900
12327  597
85146  2094
37613  9045
58132  7420
49585  7376
37941  5791
89897  4579
51073  3550
78228  2970
28156  3832
6948  4933
55631  3057
32690  9969
21203  81
76267  6242
95474  1191
11153  208
30754  3269
33926  5956
99433  2299
3704  2334
35613  1491
42362  7103
71997  4166
43367  1962
31006  4320
27398  8616
50052  603
27789  9716
71557  3131
98630  5102
19285  1313
49057  9539
36728  8644
5609  9981
62723  121
73435  723
3557  2799
20571  9286
64678  3535
70169  5924
8032  7740
75608  1086
46257  4254
97332  5784
