800000  1200
79128  9968
77682  2037
86638  9730
70087  6370
68926  8370
31519  9988
33626  2500
52158  5924
10596  1641
91815  4147
55394  3417
16854  9170
15556  8636
20643  9688
22077  5291
8990  2952
83166  1719
18573  4027
88169  8926
17337  105
10680  5963
26566  9684
83608  5448
34026  3672
36299  8794
90614  1025
28248  2471
77399  3648
38690  9596
30557  1721
63985  2232
38778  7874
39625  3059
16403  917
49174  7294
50206  8126
20284  1272
34984  2757
49184  7260
86952  6587
95483  5490
57980  7619
36290  6586
94677  7614
53169  8502
85912  4751
96022  8471
1848  9609
71091  2974
54002  4258
27161  9631
70403  1278
66241  2728
77391  2561
98304  7889
41243  8451
85081  815
72462  8446
8435  8785
35168  1896
45822  1643
48226  2064
51817  1885
81741  7423
76361  5274
70950  5087
56409  1109
27300  6339
76588  6809
76032  1519
84243  7781
99953  9131
23998  5173
64413  2026
42357  582
12495  1298
39566  450
30865  1016
70401  438
24426  1710
66574  9882
34915  3841
97575  3391
42929  4334
75072  9909
4473  1832
47789  5213
72995  6815
57268  1655
64765  9637
99355  1155
53383  2684
99430  5132
69008  8663
72035  7748
65247  6561
7146  7118
68010  2554
13818  2757
42795  3162
83906  6750
14299  1078
5098  2660
97168  7734
74577  5395
82225  4984
39734  7677
6399  6711
69843  571
29237  9447
92470  6310
57441  3960
842  4881
59691  4326
42132  2723
38582  6531
44026  2736
71049  2121
7150  2776
14550  1491
19029  960
87146  7753
66035  20
25732  9256
17783  7159
30503  8970
30648  4249
73756  6060
38520  9203
49801  4447
10205  1633
93113  3346
34623  8890
38452  4451
89055  802
89114  9824
57132  870
94653  2673
19376  8120
92750  2399
6594  8441
40328  555
90681  2624
3714  1120
80215  7437
92155  1261
84217  3784
57188  8975
67882  4073
4430  8861
26051  3106
89413  8316
62665  9272
24633  7909
83492  3179
40911  4424
28336  8393
23154  6422
51520  3895
51346  6105
26785  9194
5184  4847
80767  6020
28803  9426
51638  9039
35629  3509
88868  5861
13590  3163
53549  8647
14985  6880
15327  2025
63105  1553
13959  2929
1212  9454
40174  1397
60612  9696
26754  2552
8476  7320
80333  7249
49137  339
3178  6867
80851  256
21121  7665
57688  2108
58144  118
58488  1329
47379  2103
66578  1570
7521  4417
95121  369
52150  3966
52473  4562
29287  1269
19704  6507
25651  7271
78527  544
79607  520
20518  2321
2974  1074
6096  3282
67510  6940
52946  4352
46466  4162
88514  6436
12144  1873
92320  3975
94509  5484
7015  7661
30026  5715
7285  6836
56246  2705
91499  6069
25233  9880
10067  5249
68506  493
47543  1957
51643  7744
61410  2676
38782  7558
96889  5548
17899  1699
31145  8945
85558  7914
64509  9144
98698  3384
53096  5972
46109  9652
9013  1262
96612  9042
10552  7577
98528  5930
14690  898
95040  79
41558  1822
13304  7450
83194  2427
51885  7247
72168  1913
55339  9349
17555  3825
31195  7055
58576  8860
3877  9902
68682  3121
33673  7853
83546  3022
13847  8942
60193  1685
5543  3828
49300  9130
81984  2695
80916  7630
13027  780
91867  4218
36930  1366
36216  2013
77071  5096
8145  7727
76981  4220
75196  2165
50351  8121
37541  2296
4438  165
67265  8153
89785  4618
14779  9797
86824  1431
46870  2058
12126  1238
48321  9630
82893  9690
93057  784
42297  2587
71838  4805
42321  800
61248  6189
35594  1965
36154  2506
44575  1237
54600  4032
67304  2534
30846  9771
15254  716
37301  9915
70834  476
83001  7378
58575  9666
42583  8109
22203  5644
2238  7309
13247  4113
11633  2750
41377  2673
94603  8388
25766  8434
30683  1627
59741  9801
43646  5789
10446  3832
51636  5339
75508  7735
14566  2870
55674  4432
98144  5352
2736  6078
81072  459
87544  4827
68057  1367
48269  1874
38151  8509
40899  3829
47469  8674
63164  4299
79262  5697
6763  9791
78395  9237
27755  6239
12072  935
41500  5497
38305  290
551  8810
6180  4552
81717  9155
46485  4411
73424  2265
65391  9205
92559  5896
9518  1364
20063  5251
78663  9963
27647  2933
36427  983
74793  985
20569  8260
84337  6533
92376  3286
17046  5480
24047  9025
14437  3184
48016  731
43198  8983
7421  183
64609  943
16512  651
93733  8584
38878  8041
42647  4990
82783  7743
42204  9754
16631  7435
28121  4423
84707  1263
51054  9443
19285  9099
53798  4821
66878  2356
34811  1433
16301  6498
82831  2810
7519  4797
84225  9449
36975  8226
66897  9380
7652  5585
51165  6675
24292  5643
80317  6801
48964  5803
4261  6462
71043  6307
56907  7998
71886  7315
71339  6565
60528  9301
37606  8048
19295  8237
33736  1378
17689  220
52484  1651
79447  8870
12270  3881
40545  9363
72866  6417
8339  9910
96327  9645
58233  9019
23768  7650
42244  9357
22721  5925
53075  7808
3534  2672
83596  6799
79829  3294
30616  1051
30219  2741
73456  6617
74294  9324
76548  4597
70521  2206
10069  9935
60791  9886
14703  4524
60471  2063
24660  5061
29865  6761
83832  9315
28998  3725
58254  1966
44107  2030
86414  1543
40253  112
50991  3935
31873  7845
2572  2277
69996  136
59459  8216
89693  2488
65951  1111
47260  7050
61126  1980
75938  6645
71448  6154
89818  7731
64986  1336
39820  8180
26384  9800
38180  9923
83920  7433
10787  5136
76157  3638
45669  2312
95743  258
39529  9223
99333  4499
96421  1215
3673  8569
37101  3716
26575  7389
53900  1536
29460  5425
19702  3545
22846  8976
92259  5275
74001  6156
29935  871
17972  383
91760  1376
77558  3396
78302  1635
52992  6222
2952  1563
74635  6716
45868  1214
8963  9230
33464  2597
86152  9140
82601  6813
25131  8680
58246  9754
22554  6304
15306  928
51677  8908
26845  4468
74341  1719
21914  8175
80905  505
96994  4220
74401  6506
69648  9959
97360  8097
65600  291
68895  6100
82955  7341
64243  8518
37685  3262
20614  4362
57191  5364
13127  4904
91306  9010
43373  938
25425  6316
21203  8386
82473  1214
32147  4701
29362  7109
32101  8427
10778  5582
81703  6040
80820  9727
45188  9163
91182  5428
50282  3181
23189  5947
48825  7032
46616  4468
96035  7882
60273  7717
33572  550
35342  9889
1457  1008
21160  8868
58214  165
57129  6071
49912  3024
43099  5641
22061  8282
75542  5560
71963  2805
63485  4417
25095  9145
17329  2649
63703  6652
78802  4271
23319  7355
47613  4460
21160  2543
15736  593
8080  5664
74937  8560
73163  477
52358  3679
20232  2531
6559  9664
56642  4960
6342  7917
27397  319
71657  7126
42180  7260
49048  8775
28654  4716
21865  8646
94328  6857
23041  379
6754  7914
20400  9016
5651  6256
61197  7507
85707  6524
97387  9925
83026  1760
42300  6366
32079  4957
26189  6786
25498  8461
10949  2133
42391  7685
11186  581
39412  966
78931  7526
66107  1780
18196  1930
38435  9733
36109  9826
71259  4814
25577  216
44431  9297
72113  4334
20138  725
32785  8992
55476  9214
21796  8970
54452  3938
97200  4047
19063  3887
1040  1830
30437  2489
41832  9289
98895  9447
36877  3051
98542  7298
5098  6831
27261  3093
80737  3868
94652  7738
17763  1856
90856  9062
20083  4006
117  9516
78650  821
94539  2667
18130  1158
11004  3572
71893  5052
59009  383
87237  3781
20562  2368
14025  2840
40980  9357
72937  4645
38090  8714
75764  1236
92858  799
32043  8437
98106  1893
68220  1987
47827  4110
64047  6339
57004  3751
39997  1532
59738  622
60092  5190
13123  5324
34468  9320
75642  4015
88440  3448
58992  3238
64792  4434
71252  4609
26803  597
88382  6308
65330  1684
53026  3915
57279  65
6761  2866
11630  2569
51407  4332
53414  9652
26738  2833
63618  1220
65484  1597
37604  3939
92982  2355
25379  1664
54100  378
42716  2401
8391  9518
43019  311
12573  368
68841  2366
56706  4319
69858  3084
81594  4860
76006  511
11182  8084
44321  3305
77948  3763
67740  3894
75253  485
86530  3751
58655  4762
28110  188
25223  1343
12680  9045
19020  3426
35060  1361
9368  6650
36850  1434
29224  2286
35701  9474
1076  1426
65329  1566
56164  8814
65065  267
74341  9543
28490  3913
26997  2865
70975  7638
27610  5748
20666  2526
65407  6194
99031  4702
32882  3003
98757  3299
44126  4930
98503  2264
20889  468
98934  6197
31649  9166
97145  7299
57082  8185
42134  7461
76139  6949
1505  571
30991  2229
67900  8574
38019  6927
97007  3055
28796  1334
98025  7695
60180  1053
55754  5201
42690  5791
66940  2295
75842  8397
92463  3321
64795  6773
24017  3699
52828  8771
90628  9736
46203  524
72038  7703
4327  1794
91737  352
61039  5627
164  7947
69232  8142
92607  5338
37819  9555
84430  4680
27047  7520
53762  2161
72720  6423
5932  9274
89220  6310
69195  9144
38958  1891
85211  6915
60617  6849
60831  5395
16565  4962
19222  5639
24615  7575
56213  2159
86952  5024
56665  5053
46911  8216
37379  798
54281  3353
89466  3886
8636  5725
32821  1921
20216  2389
52267  3025
15838  180
55709  1609
68009  3491
83481  3727
28113  3672
11690  3624
54062  4275
68829  7091
34913  7465
94145  9430
76895  422
49778  5852
39719  1531
28866  5064
5113  5864
89563  3470
62996  5703
72839  3238
51745  6049
29598  2533
99387  3875
8575  4138
26316  8599
10484  7933
93832  2814
22549  2234
2903  3067
3064  1235
18305  3217
81912  7447
29331  7176
43129  4712
42316  6709
40975  9092
75696  3941
52841  1960
89309  4395
78131  485
78029  5549
90141  6690
2348  3989
67623  8824
19124  1105
5351  1775
9106  5915
98175  455
13151  196
17763  8718
25237  6019
3413  6907
68073  9792
5260  5163
6411  8537
14459  6263
19823  2261
36871  7589
8478  809
654  1662
59806  1758
44856  3634
9451  9553
5816  6574
82936  8846
98115  1473
11712  2205
94811  8441
22365  1057
5884  9303
98622  8829
77051  9592
4895  2906
37565  3364
11527  9237
86204  5165
37824  6575
96725  9118
4841  8993
33729  1245
23675  8124
5910  8602
775  6066
87358  4180
83229  5048
8104  8879
82948  2711
94212  83
34926  2870
55600  9058
32527  6981
58038  8296
15665  1233
14421  890
57707  1722
59144  8923
5751  1534
69426  4483
94972  4059
85843  7751
25400  7349
72508  5570
30761  7649
61876  6853
62853  2534
1366  9584
32935  5444
26405  4011
81032  2281
79371  8513
47271  2347
51664  3585
2591  6752
66088  2061
74378  5687
13399  1163
8282  3180
47762  6484
64979  806
49285  3951
87627  8357
82444  8740
66161  6159
63580  1471
45277  3085
58965  2259
60079  2497
29575  435
44520  948
51655  4276
22645  1201
84146  5936
86164  2732
63750  5207
33265  8210
82581  528
30452  1856
12063  6184
22732  783
46645  9965
28854  9118
51964  3489
53640  5742
5873  8555
37719  7158
68064  3178
43505  1807
26987  7063
35070  3245
92458  5030
74581  3596
25116  1875
43624  6688
19994  2025
1104  1923
2536  6736
54535  7684
90289  4792
45319  37
39134  4996
15547  1594
10614  9550
79669  5202
87606  9741
58661  8876
29409  4407
41065  6085
14272  5382
34386  5688
48530  9159
96826  9007
13406  9127
48498  6620
25091  7125
76360  7362
68355  8869
98603  4981
5515  528
35624  9254
12318  6394
5227  8283
37724  1472
5438  9994
30153  1866
1577  9890
75630  5696
2034  5483
71650  7866
10659  966
33225  3060
82901  1063
21039  5294
60917  4537
76273  6420
80029  3857
16400  1147
64945  7481
3833  8578
68936  8147
36864  6360
12783  4677
98376  9370
69156  7856
47195  6486
18481  3134
47587  33
23189  6416
62638  7203
68447  9317
2353  15
11878  3419
53657  9459
38956  7442
11076  1808
32310  2225
57820  495
39091  9855
65139  1827
22700  3611
12718  7019
58003  1585
34119  5626
64439  9325
58747  5587
49507  3622
10908  3741
8931  78
13072  3156
61076  2071
74717  5033
41021  8962
85918  7063
69380  9081
45731  9953
60018  6110
12608  7663
82176  3102
18068  7829
85157  1900
82963  8271
97356  6704
24314  1142
41099  5149
46786  2925
36122  933
95113  6706
81337  9395
4959  2577
99918  6773
13603  2454
12709  3065
80506  3244
20884  3793
20048  4084
69263  3038
30786  1716
88385  7038
64795  9761
40724  7002
7860  2053
12765  9125
35330  9212
61641  9890
51880  2012
49718  619
29822  8768
22347  110
20399  2945
64730  5875
53113  2347
56684  2823
37653  3095
23119  3133
58442  637
81993  2763
7853  5245
6239  7278
44293  5462
97931  9788
52023  6639
47354  4167
50600  4593
76343  6544
4648  5825
8867  1351
29865  4472
12257  1075
23171  1103
20066  609
62978  7927
39769  2528
84345  157
36063  9836
72295  662
58778  3777
58579  7136
95906  3952
65865  2135
16633  159
90195  1714
53829  7346
72782  4686
2633  2476
70571  5539
61907  855
85930  7798
24919  8559
37518  2053
78039  5990
61485  2280
82527  7165
6599  2412
13511  845
89177  5937
88933  5605
41070  6164
23758  2508
42150  6759
88942  5823
94776  2214
45145  2481
64034  5635
659  362
44919  4298
11614  3858
68617  8195
67619  7222
43729  6106
93455  7848
76504  691
84458  1429
33680  879
48773  2391
62715  8247
79034  8992
55115  1389
34355  4557
90747  1868
84359  7044
19633  6898
80274  8359
51087  2307
18932  4508
72435  7382
59995  1971
3823  3010
59206  4281
58031  3684
55926  1251
89395  7456
5444  3942
80631  8364
65013  6989
80217  8514
42233  1168
85427  3597
45408  2388
38679  9327
85565  5359
75937  8700
75297  3741
22390  8388
67070  9719
97581  4627
42249  8957
28944  3014
23485  4102
12716  7397
51460  3295
28409  4696
15949  2531
45994  6339
42733  6568
52097  1005
28773  4256
9463  9623
71766  7991
72344  5624
9449  7947
26122  1393
16389  9307
18274  2409
88814  2748
5967  2700
87145  9635
40613  4927
29365  8763
90991  4673
77285  3810
27737  1817
56056  6116
53507  428
88222  2791
30808  7688
19424  8987
37633  9836
73767  5928
24535  4923
51550  4930
11665  6604
49024  7886
99019  9811
62549  7531
44968  2051
28306  2594
71382  4047
97548  3566
72078  2549
34966  9988
43403  6521
96149  8966
54371  6533
8235  657
32552  2927
97340  387
99556  3120
48453  2811
89050  9392
51786  9793
78726  7274
49255  880
29484  2660
52974  3797
91324  7663
24382  9837
8154  3840
19083  2864
52598  2593
67955  165
60085  8270
49747  2308
9588  508
1682  4754
39325  9692
59063  4371
18159  2182
32866  9661
70225  6810
91300  9475
67629  281
88411  3768
41901  246
42121  3510
1769  5490
80242  9480
90133  9421
76436  7589
32583  4103
40911  6897
68569  7885
87261  8530
36947  989
77454  3443
41081  3889
50075  1968
14351  3962
70895  7611
49484  4956
29071  2393
54659  5942
97163  4093
71640  6818
31188  1266
91768  4636
28376  4303
2632  7657
60366  811
55073  2623
91659  561
32114  5331
4672  7391
70056  3067
40188  8840
46202  5049
59077  5471
55646  1004
34366  156
73143  9169
23297  1289
