100000  500
70018  5222
45292  7418
3220  2563
82053  4437
1607  2028
71500  3711
72983  4961
75252  195
73388  1018
6742  3361
51853  2765
86043  3078
87484  7736
22073  8698
21856  3423
50182  1692
26017  6310
10625  1165
95877  89
91185  9676
5189  6985
74681  3429
53807  6696
7757  9371
32052  1944
7625  4489
29732  9842
35818  2016
64174  263
98206  6773
13986  6790
25206  4078
79534  714
60058  8567
57136  4422
83350  8001
94879  5426
71029  2825
57997  1318
72197  6992
16556  1450
57316  5145
93751  8249
70246  550
22331  1835
83801  6365
88061  8311
68053  7927
22888  797
9345  1198
12935  3283
61056  324
75288  2270
99798  2119
80002  7799
69249  241
23149  2826
34130  4254
55883  3316
61950  362
44714  1143
87747  7898
45081  959
85495  4580
27819  8439
6277  4737
30436  2052
3021  8435
62204  7553
28584  8406
54130  378
77157  9292
19438  4460
79669  9033
63706  4491
97645  5927
6534  9142
82400  124
15210  1842
42179  6346
3565  6085
44474  9853
51485  8688
97087  4557
94448  1950
97760  8239
53722  887
27147  8444
65647  789
58103  1214
56125  4228
45753  5642
31128  4971
27708  263
51176  4726
70777  1313
20297  8006
95020  9696
64699  4689
89961  158
31450  8394
71531  269
86829  6191
95473  9683
2067  6978
4644  934
35795  3958
32178  1876
47748  1608
98112  5052
94080  9416
11304  2343
50043  8030
89680  5560
67305  3981
65685  1662
93993  6962
82239  3813
87992  6586
72138  29
68531  7428
19688  2832
708  4127
55690  6151
61770  3507
83081  7246
88710  6803
93475  5133
9817  7940
95952  8535
42786  8726
64376  741
95180  7586
85981  1936
3371  7140
79460  6218
72589  6077
90215  5729
58306  7317
6775  9174
94888  7362
53531  3135
1363  7647
42148  9969
66878  524
92531  2650
31419  7322
17492  2014
70339  4643
19778  3924
69079  3579
70860  5892
17524  5438
68944  6238
30697  6311
71328  5457
63232  5453
78479  7185
27933  9574
35178  7163
23684  6684
68265  5638
1665  4347
62115  7412
55987  4089
27277  2875
10732  1588
94727  8685
10133  2850
48458  546
9807  8348
78555  4205
13312  6610
9209  1997
22804  4169
92034  4978
29904  9519
33813  3699
59767  7257
17063  8930
43283  6449
75608  4213
11548  908
54381  4135
48323  2062
99831  1425
99598  3653
69942  3820
1010  7095
2314  8609
81841  6546
10703  9149
39766  3799
66407  5032
44818  4250
29262  4516
61357  8538
64962  4124
43784  3250
33294  4573
91986  8072
6690  9730
47144  6450
65226  6063
24054  5173
79333  8215
59641  4262
74848  4532
16208  5532
33841  2027
3527  8897
19242  7459
30016  2419
74218  2612
21032  6945
352  2500
71552  1093
19794  6502
95313  7289
55123  1771
46199  7344
97879  8307
25874  1764
28014  3434
57666  2335
35754  7852
47953  2773
84309  3314
92685  1942
90346  9190
19951  5969
5687  5867
14748  7335
36496  5336
95465  2356
9992  4149
81785  8922
32892  464
3645  376
17121  9367
67014  5213
47293  878
71312  1631
59862  5351
52910  4389
29398  3641
60115  9696
19090  4308
95768  6324
15233  6658
12648  3785
14873  3954
6188  5012
1140  6424
35089  5388
98352  3745
95278  5519
5906  6986
47826  1135
78066  872
64767  1567
28936  119
47629  2262
17837  1306
98400  5525
77699  6522
17385  3011
777  8562
1424  4190
12706  878
55185  2450
79325  2323
91931  7359
46023  7134
41565  6522
92321  2159
72678  7933
36036  1453
76945  8498
21394  9029
7217  9260
8712  4254
88946  1721
8126  8733
78775  4416
32291  3893
19386  7487
37724  8415
32752  6132
28450  6498
13821  8639
48825  1865
19256  2983
39600  3387
7569  6393
91801  199
66961  6153
21500  4136
16014  7500
85021  9773
89362  5968
71482  7781
26290  9753
8175  6561
64002  8395
28156  8087
38583  3412
13472  3573
70719  8648
67269  1488
5867  6796
76393  9875
85156  9755
97747  8926
79631  202
17418  9337
57035  5851
8000  4886
75670  5836
23563  7145
70959  9681
66324  8219
15986  5957
65353  3747
9231  909
30490  9460
58476  5293
83570  8384
60854  9818
50553  4248
27935  3302
32935  2948
40333  3987
7634  5193
29005  5196
67837  8081
97064  8646
5721  962
41214  4548
16083  3250
40289  8125
3736  1278
4024  3997
30216  779
94421  9046
20710  6466
63750  7385
69209  8460
80142  6305
89871  7291
38427  38
72944  6170
2452  3294
19970  5327
31978  7879
36183  7409
61455  733
5204  169
74862  1267
14903  5428
5674  6797
8207  7271
70831  1616
54155  6043
63816  3394
70840  4492
25038  1899
87840  7948
26307  4338
79521  1208
28093  3526
22720  7790
44803  2783
13715  885
9037  9388
69783  9969
74003  4970
54479  8105
18159  3526
56992  1904
95481  1639
46040  8620
42365  5541
61552  4768
1509  1429
61709  4324
98011  3080
1191  1500
68768  6987
63585  7313
26440  6559
51130  5148
31894  802
31661  7878
60085  4952
96989  8726
91897  9292
96842  4694
76854  5324
3353  7532
41756  9326
84278  6273
31657  2896
10543  3568
25117  866
8586  5185
42618  9244
4203  91
28408  1612
11518  680
87146  7116
92090  8505
1577  895
43195  780
30629  1230
49651  273
61469  602
85290  9669
92822  3065
75537  1757
42447  6585
76276  5633
76074  5038
63476  1749
55230  4091
7585  1686
51168  9026
21968  7107
20886  5688
79194  8763
96172  4319
60414  5893
27509  680
68945  1467
74850  3742
9349  2548
70949  9575
82613  4502
71792  2845
96651  7189
32679  9824
50604  6930
29799  1587
93095  2509
21400  2552
3891  7288
76711  1657
79532  3885
33324  6028
61994  8751
31384  3847
38880  8574
66515  2451
67449  2823
55191  4115
29419  385
23942  2385
67222  3230
54763  8379
72916  5621
38780  7935
72056  3768
79990  4340
36950  8935
19982  8023
16118  1500
74496  6045
74698  3359
16854  6796
65049  4779
94939  5063
22964  9173
47065  7612
69885  2281
81828  6399
40449  3528
10352  9540
94625  7660
29881  8197
16629  4531
29934  7195
89859  5328
60645  8480
93532  5202
8899  3422
70121  7523
89979  8246
93013  2306
89468  103
9539  3508
57870  7956
54080  2246
51331  4250
56398  6936
92705  5812
3487  88
90699  3747
24759  6423
26280  1336
38242  7999
