300000  800
23777  4260
2139  4670
41174  7451
41131  5388
72128  1879
24129  5312
40108  1422
68883  6658
36308  7177
70051  2036
48476  6895
37907  6295
18411  7729
87394  2700
13853  7543
85253  1563
57340  9839
2122  5675
84595  185
31742  5228
6182  1758
85977  2344
39409  6578
1057  6916
81365  8911
73561  7563
34460  8041
17468  745
89637  4906
46829  8388
489  8980
97500  2598
72283  5657
50102  2640
73051  5017
87601  8181
89801  8449
91085  3411
85256  1787
16596  9277
46829  9592
48456  6098
42285  2070
69830  4449
70641  690
73109  7617
91459  9641
84303  1195
69623  7712
97524  2317
32666  1654
73952  6127
55048  4469
74273  8767
23044  45
25086  4077
46223  7973
66744  6184
79121  2228
67105  1636
56239  8368
44527  9828
92467  1609
99574  7076
91032  1032
56772  6696
32786  4292
71278  1508
98571  3364
60856  3195
41896  773
67635  3552
94910  252
38075  9078
25382  7286
35727  5840
58487  6249
77044  6235
41728  3985
83527  8628
28166  9913
91660  722
20720  1626
15688  5576
68521  6534
10628  1477
88813  5589
25286  2808
88371  1185
17121  3827
10166  7472
22987  9124
23456  3327
76173  4999
94793  165
16852  7012
82186  8484
26526  1395
73905  9484
46185  1861
94013  7552
36208  6784
50394  8563
13117  8207
72640  8861
78786  4026
26855  987
19372  5473
18846  5131
5670  3836
37729  9411
85526  2835
97443  6114
19632  3914
41494  6778
22671  6546
16169  8289
14576  3644
12659  2733
54861  1283
86189  4593
54644  9861
46013  2162
92965  7880
68703  2716
50450  490
30500  1061
74578  834
13585  4769
93452  5827
57273  1112
63621  6947
64025  5248
71884  5994
71397  5437
80030  8768
4073  8659
46576  728
85090  6308
37723  8806
85883  1128
17897  7173
29183  2412
99152  3139
94737  3945
14783  3120
75075  7258
62950  3756
90996  9045
92825  1879
22508  4836
73568  9452
26613  6321
50019  6521
77445  2068
12915  7249
36799  9602
451  3682
28984  734
74818  909
66067  3613
94669  5312
72003  5027
99441  8012
89136  1157
9431  6798
33678  2744
74828  9414
24167  7021
42742  9956
87252  248
43628  6102
72182  8670
93690  3162
48307  6757
54960  1565
78003  2505
5851  8896
45139  8086
74574  7621
97749  904
34261  7489
79818  8434
18788  8435
19901  850
16606  6233
23791  8240
75651  7681
22519  6892
92010  7233
56616  7441
48128  7977
82216  5070
34716  7860
27280  4750
41047  215
3913  7440
81591  7159
6517  2857
29894  4773
49239  4994
82869  3630
95029  3913
69202  4187
87609  7515
84951  6761
16455  5780
71959  3185
80629  2998
32109  4954
38915  2063
22066  9611
16435  9342
22744  6271
92220  8825
84581  374
12935  8904
33683  6759
49472  5765
54995  3316
7024  1831
68360  6310
94393  229
53823  2742
51128  9040
56547  8254
7876  294
18822  6973
33704  8945
32596  9799
11731  618
42324  3874
94058  4559
26526  4607
59937  7011
88025  3330
25100  4416
70350  186
70167  6910
18804  5194
46310  840
48067  4174
29787  6966
49715  4744
57099  2062
62553  3648
98941  6171
23755  1822
59844  156
84926  7128
37768  9600
3289  7456
43077  2436
69531  8593
26276  8790
68774  2586
60453  1475
39319  5198
66376  4305
94414  8773
79350  9956
75062  7987
99444  5259
86464  9501
13374  3428
1189  7832
17286  8700
61327  512
61819  7727
81061  282
79788  1685
54183  2827
70876  5794
19680  1205
67928  9762
9047  69
60859  2710
69132  9361
16635  9331
44463  1699
46628  2536
84028  4301
60436  7008
65154  3243
34619  1792
26500  2768
92424  2713
86727  5354
39212  1251
21178  429
62914  1722
93782  284
79425  8536
68493  8123
68609  4159
86343  8871
42157  9969
99037  9812
39627  2990
15815  9403
83142  5484
61536  2308
68208  5916
48071  8138
31722  6413
69240  829
19061  8920
36183  176
78565  9802
17629  7003
56429  8069
365  7714
31203  4246
83777  708
49426  220
25825  5321
13187  4698
18033  4004
73394  9152
19005  5018
32615  4542
35324  2729
47070  1946
52193  7993
55382  4484
20909  8914
54683  7327
73856  1997
71615  4594
68731  2020
70115  2799
67613  1368
21533  989
41504  1952
95234  4706
29184  887
77595  1274
42282  4909
23895  1198
50825  7135
60877  8893
87386  2261
13640  5979
62251  4562
4093  1190
22932  60
7723  7698
62119  7851
16932  8172
80370  2832
8552  5631
87288  2307
80758  7036
1101  5287
9829  1903
93967  1866
56960  593
43772  8974
57521  2361
23512  1574
7053  1665
48343  7596
75829  898
35551  1538
49895  4572
86160  8375
4643  6585
82628  2938
55111  9381
35464  4498
87235  20
1728  7291
58682  4253
36659  7198
13476  3627
59729  7252
61023  2980
95484  622
98237  4586
54842  5609
50522  6931
27283  1251
53356  4029
52493  1935
36717  3380
48085  9270
64849  8579
34689  5911
95055  370
81483  4630
12632  8442
19750  568
78816  3806
43769  4015
71884  8906
41255  4643
38752  8006
62783  6330
53405  5419
12796  9863
15557  988
94774  496
29117  370
88968  9659
90552  5514
63890  2681
44564  6785
12392  9024
6804  7493
94471  172
96874  5785
79628  2845
33450  1166
20892  2453
14880  5149
22724  2586
85848  1850
79532  5787
91474  5217
7600  3043
31178  188
65988  9931
36260  5526
83306  7987
16165  5275
30906  7264
81052  1863
36524  1138
7617  404
46069  2365
37520  2022
95681  581
38890  8747
1644  5248
78319  4665
20958  8966
96086  1828
55669  7031
5154  7785
93761  4266
79002  3012
22807  147
35132  1590
35701  558
51987  8240
47195  3654
92649  5308
61048  3576
4333  5713
74183  3390
95670  9504
23927  9804
83015  5397
71696  153
85520  2450
15469  9908
26860  4238
92888  4178
72053  3050
72294  7607
47517  5937
52068  394
53021  3979
46182  6597
94304  9911
94613  540
59417  8725
4587  7188
42092  2017
54064  2003
66241  221
4888  6494
50294  6108
19978  9499
5126  5521
11195  676
7341  8378
10184  3120
71277  8665
46868  7391
91629  2202
54274  9002
15624  938
63428  9412
68888  7487
20302  4069
31906  3613
28931  932
79963  6317
79338  1184
34838  805
62505  6141
87045  2415
8578  1967
68360  7870
61250  2400
69256  3217
84513  4738
95635  887
87689  6408
77917  7076
81788  7116
9907  8266
94348  684
82135  4957
57735  5511
55150  1795
47130  4148
63422  6387
54568  6232
85397  2844
10452  9325
9119  1075
72012  3196
15397  2467
63432  2676
12940  5374
60873  1901
16589  5105
55610  3689
38389  4612
50362  4184
56330  3951
52292  6577
70282  5850
47775  5164
41490  3837
16327  3952
23349  8392
24618  8130
80016  946
49342  5281
62703  8579
95213  2695
36700  7503
50019  582
1507  3480
67074  6041
16316  5206
28233  5097
51523  716
19053  5600
9112  5225
71253  5944
29016  8662
58051  1490
17482  1468
58257  8817
19028  4237
10889  8150
60012  6743
99994  180
20173  4107
17229  3648
47275  258
11783  3054
41542  5618
73196  392
39926  1793
69049  5578
57538  1222
70074  134
56590  6038
36761  7479
69006  8961
29794  3279
16198  4148
7779  4897
39634  1710
45905  6655
25652  4393
65464  3012
4146  9268
83807  1135
38774  7950
43721  3461
62605  4935
60236  7498
22063  5413
43161  6676
28245  460
74083  750
91308  9263
21131  8636
75712  1095
78683  2589
44475  978
34147  9063
27739  3284
8738  1662
32070  4483
49181  737
16274  244
19767  5613
55035  2270
82606  2189
24979  6214
54995  7291
43635  823
56231  8125
45945  882
41404  1848
19256  272
87885  1037
16181  9363
47629  478
41508  6289
52349  6744
15773  4450
1678  8540
73979  7703
12481  8406
21687  5625
23257  7665
27654  4340
3056  6045
78497  3697
50714  2147
64692  2447
43702  2803
93193  2650
37439  951
31123  2837
53189  634
42175  1820
31505  3301
56053  7084
76506  4264
97308  8922
28195  3801
40444  2040
39026  2004
67265  9584
49545  9996
34506  509
22060  7519
52390  7629
47117  1859
94376  3341
7594  2660
33722  1538
32854  1904
10486  716
96966  6507
83597  2680
52853  6674
8927  1132
5777  6636
17140  4486
12627  5344
52890  8794
27424  3783
25643  8243
44741  819
71268  5305
24882  1228
15034  7495
51774  5268
74296  5998
98607  8536
29305  5954
90007  5657
85589  3258
13724  8031
52596  8558
23284  1118
60801  3198
24747  504
98413  2975
99839  7996
80709  7942
29404  5902
4383  9437
15007  3984
97347  6887
27968  1055
7157  978
87987  122
12170  586
86178  7209
76840  6962
39643  8014
34987  5000
69611  1596
43551  4239
44895  3442
71121  5209
27675  1554
23162  779
70973  9134
13813  503
8859  1952
34078  8520
96311  922
59106  2324
95349  3963
12943  7355
76745  5280
71024  9771
4002  7064
15415  1209
21921  3107
11097  3889
25229  7909
86157  897
70974  2893
55171  1601
900  273
28390  5043
6003  9684
36186  2493
99522  3343
31346  2732
84970  7572
98872  1801
6737  3464
89845  9555
61506  2464
38685  5003
74151  8981
82130  532
91152  5952
40855  755
39718  7180
77836  1380
50642  2437
63730  5852
40734  8826
92111  3151
28412  5699
91436  6932
86812  171
6681  437
67241  9014
34950  5198
92734  1561
30149  2580
72495  292
96013  2576
12421  3839
60472  8906
57765  9407
19810  1011
76984  114
63047  4302
98952  4516
84498  1255
21044  4497
73148  7666
51894  8199
12991  2621
16684  3474
98770  6824
87011  5707
42851  831
23565  4841
1453  9915
63877  6371
62455  8364
25373  9819
85263  3024
18799  2052
92226  7142
23669  3137
338  4297
46994  8890
33647  7703
60011  772
32217  8563
2634  7521
88638  2235
12012  2344
97769  5890
6659  6823
34090  4959
25871  3897
44213  3049
96710  4660
91764  2003
74688  5590
45985  2497
57689  5426
51441  6308
33994  6585
36635  6190
22117  1684
44226  8710
91266  5011
19520  9336
41753  6653
13004  636
53987  1703
774  526
37035  7935
68659  5221
43027  1172
69637  5189
73555  8184
51453  2587
70309  9485
