500000  1000
23642  7426
16258  6091
56391  8001
80028  8053
62976  2258
27941  4443
91704  7860
78338  5785
41298  6446
28964  785
5394  5693
15923  7121
40406  3974
96569  6774
64706  9299
67638  2775
69398  514
99651  7888
16486  7178
32714  2641
99003  2831
39689  4995
89192  9907
23465  3047
65669  8441
1367  3264
56743  6020
99898  4382
52504  28
95387  8044
5550  1859
70079  7290
57542  6825
55904  5262
80353  9938
13994  5588
16957  5822
40196  6850
22614  7789
9414  896
74266  2999
46310  4255
31805  3949
52553  3759
6911  3430
43338  6943
65686  4616
6908  191
81158  1917
91417  5051
74552  5002
27687  7960
59254  2103
59814  6430
45794  4746
96934  5920
39257  300
15893  7467
1968  6396
69410  8125
30403  7233
46679  2559
32803  8599
11700  3531
79051  839
67492  7481
13739  3580
15153  5451
31146  3420
84302  5279
14852  9254
3736  9634
27770  2839
51163  4401
11086  7572
94436  1862
17838  9566
38083  9903
9909  4145
15071  8979
59158  8650
6835  1290
20230  9117
4564  3933
35095  7576
79945  3058
39248  7297
77304  4032
44981  5758
72537  5077
39223  4903
9230  299
98181  7200
15304  5390
39709  5106
71969  766
60451  4978
80068  4482
77960  8842
30348  2787
70161  7307
98843  7089
38099  7743
4778  3373
32038  9774
40555  5515
65046  7774
6166  5151
16054  8973
92274  9052
72523  7272
19284  9483
1991  2459
76979  5224
6285  5925
61881  6149
93998  6828
59676  8431
65672  578
49812  9832
95607  2240
85136  5343
19609  3039
27382  7257
50877  5976
25376  6999
86317  1482
5205  4394
12364  3883
66987  659
66047  2301
77972  8309
12074  1598
1966  9932
85126  7983
45373  8909
27689  3475
80863  309
15599  2309
52645  1610
42066  8429
5184  4906
6218  252
90973  6909
36424  2551
61044  757
89734  4241
17049  3698
1857  9889
15564  4233
22268  2757
42326  5114
53308  2904
3252  5971
66661  2533
29543  7769
18928  8504
14496  4545
72320  923
77363  4670
1152  6340
17128  4217
99369  4140
80429  3909
45982  5052
58342  5980
82615  5747
11103  3484
44785  9730
70784  1377
21988  3599
35846  9468
17649  9645
55488  4881
77612  6479
96925  3468
94477  1923
68077  6353
19128  9413
80376  1367
58693  9877
13743  2285
96385  4321
46591  1203
495  8496
62104  9776
4630  8004
58895  9756
76144  3742
60934  1121
89228  6248
92402  3386
49212  9463
77469  156
89366  7379
54371  5301
46750  4070
81672  2744
83369  1356
91010  6771
97793  5682
62074  608
1588  4595
67803  6514
3794  4550
33197  9070
90516  1877
65105  115
63197  6156
56854  9476
3615  7144
79582  6540
45375  8812
41479  8487
12502  9382
65263  5377
34963  9035
74371  3851
70587  5037
38289  9452
73492  3771
42731  9133
29110  8727
57916  9968
78307  9298
54688  4197
2234  8192
65502  2286
98084  5242
33692  7769
10714  7109
41181  1680
7709  6772
97562  6313
10473  6440
58588  6080
65942  7036
62154  7923
50979  3368
5647  1535
78947  7496
38019  3369
54585  7270
87527  1269
94367  3464
71687  917
13298  6447
73855  4733
91904  5159
68821  7706
14170  3364
32780  3976
33995  5339
9830  508
46727  8216
84998  6556
70103  251
34054  5252
18606  5665
24401  8580
28385  8632
23501  2112
94314  9944
53529  3765
48212  9795
78028  2059
94061  6381
28001  6963
49303  7094
34949  4564
79417  3089
71033  2389
84707  1657
11311  4067
74929  1651
44584  3797
17050  388
13139  7809
3279  1699
54359  9573
45523  7657
27109  4777
26931  4423
4867  3019
55250  1337
44604  919
37611  1042
47576  4918
86988  9400
65770  9704
9715  4188
35239  2432
65887  2981
31924  7721
73731  4857
1911  6857
69817  7278
37081  8293
65827  7161
86760  9696
51661  9627
33946  3111
59797  5014
651  6260
44860  4827
16388  5092
86297  7790
47596  8584
63532  9917
31331  9948
55585  3652
41271  4773
88690  9228
80445  7488
85684  1309
78688  7086
46987  2553
62439  5450
52332  5226
79613  3240
72706  5637
51261  3844
52640  1853
38188  5814
38352  4267
98352  3320
37374  8465
76231  3498
18723  3747
41423  6190
14434  2840
63219  5009
97119  8853
82264  7514
76137  7496
67715  4342
35668  692
12299  5488
63981  6581
39597  3868
79367  9720
43296  3624
83040  8592
30151  6330
64192  4851
37457  7135
91992  6890
96230  6325
47142  2781
81491  8562
23079  6751
70089  3216
74184  2591
53023  9578
2961  2880
24159  7168
91045  1260
62047  346
14758  5639
16000  8490
50216  9158
32201  5175
47726  8193
90374  9939
16158  4792
32494  8634
42662  6404
51250  6675
81275  6817
98725  9903
98401  6041
13093  3357
83280  350
68013  6796
87447  5051
72923  6446
62463  4846
99616  9173
3728  1949
8869  9245
72450  6748
4913  1327
22239  9397
29601  2192
67785  5806
40739  8673
72584  7524
55194  5974
12307  8923
42677  4858
5842  1834
13522  3230
76314  6666
81983  4412
43549  9625
31376  4284
32578  4242
15213  55
75457  1237
33660  730
37075  2040
23671  9158
20309  5608
31558  6480
49253  4607
49076  104
39501  2146
58362  8946
83246  8480
15681  8791
4886  4106
63914  9129
11421  5562
72427  9498
37923  8916
59737  1155
59214  6618
8088  7774
8754  8426
84254  7550
84924  5026
41899  3917
52471  137
3148  922
47797  753
58949  7349
47281  4771
91086  4753
97622  3608
82644  7793
81113  9962
98208  9710
62573  6713
51264  3557
77580  8712
80589  8500
50097  4895
86919  676
39200  424
40343  9744
67355  397
108  7013
33925  1535
54820  9887
26095  473
52248  8757
73949  3198
51128  4787
95045  7943
90976  3293
48040  5574
80881  6258
56994  7989
90549  2520
11405  1076
11355  6998
85562  3663
67564  9118
81625  5810
24579  3468
27625  1573
35632  596
6990  6981
13791  9127
95656  2369
81607  5578
34430  2094
55201  1616
50046  5771
44511  5137
20034  1549
7207  9062
31455  2817
10988  7426
5454  3613
16006  8316
32374  6771
38347  1941
62586  2380
65125  9643
18456  1047
34111  7954
84062  8202
57106  7151
29572  9936
85764  551
67643  7811
68446  476
31567  5621
97456  3768
80486  4432
93030  2031
96103  8659
63646  9313
66713  6978
5760  3489
49083  5886
54120  178
73713  3182
36724  4978
34655  6759
56586  3404
70595  9798
70713  1119
16136  7267
17722  1209
86926  4023
56837  7279
89369  9583
53913  3006
5397  8870
67518  575
36714  3030
94914  9623
91813  1017
74190  3007
78996  3571
51934  1286
43085  3512
14344  8790
6911  2902
10423  4481
94435  565
23860  1469
56143  7165
5459  7150
26584  748
89880  9176
11364  451
78288  3632
32738  1711
46287  7497
86870  4506
34721  9764
29717  8721
61911  2433
92769  6180
83735  9206
49481  996
9709  1555
5225  5573
42306  639
29336  1553
2425  1530
71876  9680
69807  82
95218  8290
14658  7397
59956  5601
89624  5207
26889  2149
14688  324
75703  3829
37073  3173
95634  3022
30054  2370
4020  1668
89424  65
78444  7777
76624  4252
59178  9840
11524  4658
37677  951
61903  9072
19242  4026
3454  4290
15987  275
39980  597
96447  5062
46642  9533
61454  8569
99241  2935
94818  7139
17884  9685
80542  8909
76982  4814
91426  6544
39882  1103
42567  9386
20665  8555
73855  3097
27383  7384
45375  5406
40503  2263
18993  1962
42517  7186
8156  7065
50911  2468
93938  2971
6650  5688
48954  9995
99087  8876
54442  6159
36866  5381
48988  3687
24420  4758
28492  2275
49073  4406
18058  4774
39865  8285
66406  5657
14856  5369
16598  9598
61060  9611
23239  453
35732  8440
6278  8389
65021  7353
28278  8365
9764  7195
11552  3399
67167  8877
83454  7213
93452  527
82248  5321
43129  1877
605  4655
4491  4302
61640  4044
90825  8259
94845  2155
72728  4911
45614  5343
18578  7305
934  7166
76878  3691
98695  3017
50179  5162
35482  3752
73864  7670
41243  8090
50175  7968
26227  1814
76569  9925
78788  8529
20352  2269
51838  3533
73800  4224
22950  8592
3296  8018
54450  7525
35962  3403
16426  9898
10859  3983
60334  3699
58627  1626
74804  8252
71639  1010
69534  3462
70092  4554
75758  6086
8639  4805
26130  2046
27952  5423
57128  3651
57796  8885
82155  2654
36179  8220
63274  5057
1563  8015
52053  5255
98151  6680
69947  3813
64456  7150
19799  8366
76878  3403
74583  2366
30830  9904
88475  5145
35565  5353
71334  3321
33983  6641
16541  7532
41030  2721
63286  1810
46967  3777
87108  7728
86365  8966
58025  758
70977  4042
12072  8718
59841  8281
56532  3938
25519  1626
46753  1591
19720  1033
9931  2749
19574  2662
84481  7394
57354  3118
62936  8918
40888  9335
61479  929
41068  1203
71376  5986
14501  4589
20595  2559
13791  801
22489  487
93110  8500
23788  9221
56549  5234
68135  403
76634  7676
99983  9888
29785  7864
53087  1175
25691  5944
47705  4220
46820  6091
386  2600
18324  7005
30175  3742
7637  2532
46669  4718
72754  4369
78076  3267
1742  3765
81958  6108
61802  6218
61533  458
82249  6621
23856  9858
81020  2086
77038  141
24817  3736
16034  6547
77105  9313
61689  1099
82915  2291
35326  1424
93145  9994
37714  3177
29133  8779
35626  2124
54725  2859
66899  3242
17103  2100
80902  6221
78652  4800
65760  9019
99699  3540
92642  3468
37549  1271
95841  4689
88159  4515
41738  9006
63071  6241
35607  8418
57997  2087
29090  4422
56646  8300
23421  2679
57195  2193
89349  4832
58895  5785
54225  5832
34517  9898
35796  5485
20892  8524
93260  1494
74127  4121
8232  282
5373  5739
49760  3135
9318  1994
25154  4373
46586  3301
60838  6382
28103  7598
31526  1172
59507  7947
49336  4448
96004  3951
14668  2071
44136  1238
50504  4538
87929  6177
89775  3102
62185  957
11084  6150
2810  5966
99325  5449
16220  8485
28092  92
9610  645
92783  4546
59064  9394
91775  4924
97853  5430
93253  9193
15461  827
48657  8268
16558  8599
20486  5943
16987  1615
58707  5613
37904  2706
5296  8775
41795  3502
30882  3186
28965  1646
42862  5809
42203  2704
33661  874
97337  7292
32609  4800
85852  3645
65524  8149
99644  4308
56931  2086
26754  8657
54711  9917
27851  9285
68904  4561
705  9723
68901  3390
24550  5285
52532  6595
4332  4333
7830  1078
19601  5984
65018  9413
89174  465
78770  6600
65921  6675
36951  8724
6527  1381
19642  8995
86173  4558
36249  1032
43827  3121
82776  7606
14702  8361
46128  9698
12061  8762
85708  927
12641  5993
77605  3248
21594  2964
60741  7210
80506  4601
64356  3705
66160  6065
8698  3626
12643  4237
79840  5782
21829  6888
57474  4008
8896  4419
26292  9410
66508  5907
82041  6672
86149  3774
36665  7223
68156  1817
63622  7426
26970  2360
17677  495
53783  9676
97631  7883
62414  6516
84730  7164
28255  177
75198  7285
26097  2506
74014  4818
55364  2231
52002  7989
61327  7288
13751  8650
58534  7466
57029  9167
98291  9152
49876  93
73501  5186
41615  7068
53865  8487
81116  5990
11002  8014
88134  2940
83306  2959
60957  2188
29845  5713
87092  3806
99136  2935
72327  8220
5635  1794
23222  6097
92045  6353
6411  5620
92975  1291
55615  5748
98467  4854
77220  4347
96519  658
22010  7839
47619  2106
32806  2791
2171  752
70934  8858
17206  6731
33182  2974
80737  3359
55629  9353
58295  5928
50477  3145
65876  6851
45992  475
62523  839
1052  1043
68891  8815
84291  7680
97929  3190
4861  1659
41718  9819
30594  6942
62164  9029
64374  7918
59699  8193
37633  6078
73816  42
8884  8296
64311  3036
4364  8298
40914  6803
71437  2964
81901  5810
75510  2264
97795  309
23257  1030
37040  1738
42385  109
20457  6903
75955  5919
64518  2028
96684  2639
53488  3256
62245  600
11809  3650
65367  6274
48448  1057
43419  3501
71040  7346
96378  139
98223  3870
23380  2409
82166  7677
56524  4708
67760  7802
88848  9697
57895  7641
72450  9635
62123  4239
46562  8331
67683  4083
20564  4815
63307  8235
11606  1660
62424  3051
65015  8316
77954  987
43389  6576
1458  2175
21544  4023
35563  7680
39945  9529
19096  1668
2691  8205
50506  8223
50021  7245
19093  3333
54381  8657
4835  222
54239  6743
83214  4547
23028  9824
84409  9288
95989  4968
26500  8633
50414  740
9931  1197
25352  8647
78327  6618
85211  7495
21208  3397
24108  1250
77211  8306
13677  6447
10676  4133
60539  1996
5516  4814
9757  6798
37825  2652
42928  5804
26973  7450
69393  6847
63674  9078
76571  9431
89550  9860
