3000000  3000
22306  3022
33490  5129
55882  2522
50595  3372
91788  237
276  4942
42531  801
26557  9454
14902  3549
78150  9412
44302  8137
90623  7779
79112  8737
54833  4441
74737  6367
49569  1351
36604  1533
1765  9089
41453  497
74669  6217
32887  2022
81318  1944
5158  5905
63533  1185
48411  7164
92464  5996
72158  6853
7327  6989
21874  1695
11455  161
54365  6836
63144  8911
8215  6737
37008  9552
19248  644
6127  8715
79155  2722
45619  5646
14383  4283
55602  7963
48082  911
8372  9826
99823  1258
54034  1636
32717  7577
1257  3109
9506  9077
88263  7986
26075  5689
77945  2385
56562  4438
16754  7450
44653  8132
97970  8385
4404  7303
13928  5485
12064  3991
83957  57
18379  1336
72984  3670
87995  9827
69848  739
15785  9022
50994  2336
31562  4001
2521  8707
32523  7054
70971  7226
26991  2819
26527  739
80788  1242
91113  4593
89172  8843
4023  8678
61923  5889
85685  8457
19661  2071
97515  7173
96397  522
86815  6302
55028  120
95590  6402
69998  4255
15863  7971
92805  6291
11928  5478
2913  7960
92045  9299
20847  66
63323  600
84758  3457
90242  7813
80987  5801
44063  3819
49498  6459
10672  3654
90584  8484
73549  4543
23133  6208
40133  3391
30185  1407
17673  1246
86797  6683
20070  996
78503  3229
61558  8172
53710  6672
55521  4825
44997  3502
45041  5283
29434  508
41079  8016
35248  8026
79786  253
18129  955
13757  9944
6719  7048
12986  3484
91008  2689
54889  497
14612  253
57809  9245
7443  7638
12259  2163
52553  6663
53849  5319
24534  4482
12382  9416
52685  424
10633  7104
63780  1775
80566  9091
60248  3643
15895  7935
42065  4319
71298  3614
10459  9549
74186  9448
7609  3657
82397  6339
1585  8510
23695  3156
45790  4306
65430  7058
23160  1967
83590  7307
46999  6379
68935  8152
80582  808
88904  4379
29930  468
4692  3978
46263  6642
99888  3693
79234  6338
55127  4627
82071  116
1615  4772
46098  1459
286  6324
21883  4786
95704  8006
77777  4819
76856  4433
45287  8035
6469  3716
89690  8875
94468  7242
38678  8775
12123  4047
55008  6972
23612  9574
88223  4829
32339  3240
91171  6443
96698  9668
46151  199
82224  1441
76818  3333
2817  6606
77181  8408
99902  233
53524  5983
885  3510
37329  6261
32853  6891
61954  6098
42907  8323
52063  9032
67556  4038
61588  4049
51226  1354
63404  7765
45146  561
5237  6750
6926  9752
39380  7919
72165  1523
66987  3341
18507  7685
9758  9546
47492  3186
27295  5560
6903  2141
72910  8734
76303  6454
91648  6807
75688  8770
2675  4409
35026  7557
61922  7366
1160  2091
17067  6241
57471  2181
32030  2277
33054  9475
73726  1711
95924  8383
61011  2973
56355  8382
13358  7793
92394  748
77569  8123
48664  5515
35299  1833
13335  1775
83507  208
80608  5089
71253  6933
36881  2157
16472  8563
92423  828
34636  948
9655  289
42637  8257
24763  8849
41334  2159
91520  422
40977  6554
57997  3855
55852  8827
77471  5458
79314  9148
5961  2072
84777  1368
49929  6390
13051  4350
77626  7841
99699  794
83494  1768
6871  755
38535  5600
29323  694
11954  4478
37570  8885
97521  4808
5713  5743
1699  3343
73740  5463
28638  3462
15133  9157
95713  3439
84082  3424
89471  3020
68668  5834
14969  3618
37929  8552
61099  6940
31628  5805
9493  4310
82508  9967
12247  5560
58421  4067
28357  8051
68652  5195
96908  9598
79650  7157
33513  9829
67565  3904
6760  1843
94442  4744
41016  9053
67723  5511
14763  3115
16793  6009
63054  9199
94455  6595
89947  207
15878  2183
20430  6679
76914  8959
34941  1077
62634  9533
6748  3577
69121  3252
57026  6110
81436  5879
23745  203
24741  7838
92874  9631
40939  2119
54852  7341
63062  8119
65973  4538
63571  4581
46594  8955
60585  9624
78523  3847
67072  7811
72209  3832
81408  8078
35851  1029
53914  3542
51057  5243
67033  4317
36052  381
79711  7466
70467  311
84771  5297
2793  6365
11424  2642
90163  8783
12407  9654
18759  5788
5125  7970
34309  1960
72978  8931
55673  162
15951  3983
13698  2708
45890  6640
43233  3438
35785  5043
80693  8197
1159  3535
65063  3993
80688  8412
81751  5231
59965  4152
74161  8243
24912  1597
83115  7337
87722  3674
21306  2710
17133  3178
37597  8495
61209  5888
87276  1470
46628  3620
46171  1513
82691  780
37651  8286
68065  8218
89624  4348
13930  6635
23379  9344
95778  4787
62059  2296
33854  6858
55223  1647
16951  438
20830  3788
90944  2505
45768  5993
90304  275
61167  7526
39817  5951
60542  9052
21128  4439
60535  2755
10051  5044
10495  9501
82132  7526
16106  7973
39731  5973
11727  5030
72252  9185
4936  7525
97785  217
76394  9015
9022  1415
2453  7572
65587  8718
49788  1608
9898  8014
62615  5864
73336  3179
75348  6283
52171  1931
73197  2946
18221  5963
24699  7688
72490  4864
54918  2929
48808  5060
73200  1461
49764  3392
65841  8726
15992  6328
31901  5993
23506  4942
20999  1533
71726  4296
42499  5997
62886  3750
68233  1510
96120  4889
87299  7205
98369  5356
45183  8440
66923  4421
5605  4323
58989  6096
96741  4632
30305  5491
87497  9938
27338  44
60951  5185
44129  4589
66919  8020
72507  8057
44488  146
97661  7209
68736  300
40758  4946
77915  8180
42874  6501
25391  9220
97372  3135
29424  2767
76451  4665
95418  3010
71859  1000
75350  3401
70625  7843
25355  1971
9780  4131
66623  597
69963  5668
62779  4895
21983  8148
56422  3066
36082  8743
85376  6450
12371  4437
27088  7429
63482  814
56579  7196
70785  958
3796  3721
81891  2552
98857  9257
9187  4536
67665  3404
96706  5391
8893  69
98611  2127
50942  6774
89757  4147
95954  3828
92934  6263
56192  4544
53685  9332
90163  1774
28442  4194
40484  1122
81435  7541
10178  2186
34109  1330
67750  4105
17221  5602
118  3088
74973  1105
97106  3518
66405  4335
82978  8420
70409  7603
49420  5423
66006  1828
66342  287
86133  3219
68210  9236
43527  6865
63340  8493
80329  4432
61818  9111
79687  1121
74575  7369
93258  5801
94078  1866
23103  7756
5564  7794
96323  4138
14722  820
36893  7348
75598  6050
21081  6805
87042  5404
68840  954
16023  152
89841  6938
77174  4992
69063  9815
7069  5096
26061  5379
67381  5017
13478  2047
40479  7180
99203  7566
42531  7476
92994  4369
40995  1457
63233  4175
53126  2084
19007  8811
41411  9448
73102  5663
39377  9016
47705  4680
19989  8674
79489  8693
83804  988
85606  5094
53192  1919
37136  6745
29924  6590
58946  4414
42382  1577
21891  6977
48894  6295
91863  6299
28382  1228
67164  8770
24665  1593
31956  8357
71530  9825
25297  8787
85196  3454
20939  5446
27047  427
51186  4800
91911  5961
73752  6766
76725  5576
46226  577
44415  3295
55534  3064
36742  2887
88892  9359
68548  2897
20718  8986
78230  6017
82792  7600
52697  8156
62650  9480
82950  4149
38694  4945
23573  9124
25630  334
71492  3540
69742  8886
75507  3391
539  3125
13685  8921
24480  5210
76415  6561
36237  923
4628  5976
18023  67
32741  145
83973  1012
87868  1544
64759  2995
17066  2403
17307  4806
73623  2150
53943  9183
32522  3791
84305  9576
94053  3257
98497  7706
99968  2789
51783  7992
65335  3009
47867  5922
67521  3022
7825  6230
20311  5690
78124  7088
93797  8437
60818  210
51945  6656
38711  3923
52977  2890
74789  1381
32685  5049
81010  7504
79570  4627
71428  87
7209  258
67577  8672
47919  8064
5515  5765
85858  978
64280  8807
85729  7392
6919  2821
75649  3851
28533  2757
91968  966
19522  1526
75075  13
46993  9187
76450  8028
41315  2746
95780  1857
64546  2771
28522  2188
53295  1662
59309  3358
93789  2104
54553  3736
70200  5633
36877  6095
11652  9645
35249  9526
14909  4807
16789  8619
36477  4275
82285  1942
28940  1700
31186  2652
5737  8635
16300  4156
54054  7294
3306  6944
400  3266
75785  8741
56622  6544
23980  4837
91493  7022
8791  2516
56915  8199
3192  5904
29823  9667
29877  6074
34087  6693
85305  1380
44463  2715
36716  8716
43929  984
74105  5717
30044  6062
23020  2873
82875  9073
78797  3120
5479  2048
34392  2462
76559  1662
26844  4211
65186  1312
76167  110
10837  3593
57476  6881
82150  9232
15157  7332
24979  3231
22780  766
14515  1384
42468  700
88542  652
45571  5319
66821  6198
52995  3955
67703  2588
79959  3023
36441  1017
83899  4393
28308  3035
3591  4650
8959  2980
67240  6828
83053  264
75171  8851
88536  5272
25132  1459
79261  42
16365  4966
6272  660
11398  4054
70486  9715
50475  9496
4056  6414
457  9210
42198  9764
60798  6651
80131  8494
99939  3198
24731  3222
31643  3354
48900  5525
34478  2585
29837  2742
66245  8843
94880  9756
72388  6077
3240  944
74505  285
87851  4081
84292  3025
47285  9544
88244  9956
14882  7251
69420  6831
89102  4855
22082  5338
57244  127
20240  9788
43138  8227
93639  9674
24716  5417
84061  7432
43708  5958
38052  3799
45291  2556
59241  7038
30611  4603
2922  6817
44991  1908
46532  159
69942  6024
78205  415
3499  6613
61998  7631
737  7247
86875  2860
16282  7005
24234  9506
25064  5333
81276  7928
10648  8057
14264  3373
33726  1159
81981  9632
23609  8857
9228  3707
66308  6542
41810  2311
16016  8224
60794  8900
69021  6692
23467  378
75503  5761
92840  7755
16291  2248
88959  4762
93653  3390
16331  9321
65020  8018
51613  5952
51253  1732
4571  5263
4232  3043
92801  9215
26789  1244
69983  8029
2043  4847
77403  2121
36896  2945
24602  4341
66188  8552
91340  3104
3632  4401
94775  2390
38877  9610
84379  6741
85783  6720
50710  1926
96751  9144
88067  8426
59740  7072
88821  2934
5015  5450
26478  5907
97888  2078
72133  7579
72411  3236
23797  940
17769  165
5480  3704
11752  3024
21844  3615
62700  2004
57625  4361
60705  6672
53639  8593
60388  7406
15590  2169
25256  8238
86080  9568
67938  2162
52936  5334
13896  6128
39710  9560
89181  1350
81436  3807
55690  8817
24401  4008
24511  7395
7603  649
62815  5642
35083  1310
50393  9141
24335  9369
45777  6927
28727  1169
55746  8950
55150  911
81542  3263
86381  8863
21700  8545
27387  6349
775  6366
47847  6502
14401  9586
2560  1768
43380  5602
58698  7208
10851  3683
31956  5689
5227  1918
78836  5732
84739  8196
21804  1991
4017  3485
49679  6565
57797  6113
16879  5
95432  3403
62080  1061
22895  1325
56854  4650
66036  2961
21158  6436
25653  4560
74515  7978
26259  2289
77509  4573
73887  5398
12289  1372
76560  2748
31243  3229
62231  8962
37209  4747
15469  4766
16865  8537
75888  7726
78112  141
61302  7175
99194  1939
73346  7369
98289  2588
79843  1184
51908  3914
1308  1077
38725  590
92877  3373
66577  1595
70234  3365
70755  4375
91267  3948
70018  6701
22650  6289
69252  4119
81934  1990
75179  7817
2936  2117
6048  9322
55736  3263
44708  9134
88598  7538
12027  2525
11323  6019
70506  4092
20611  4183
57086  9685
83735  5198
37755  4735
32672  2403
49160  9467
83469  437
15994  8990
40622  7466
30217  9705
51086  823
44480  1958
30970  9893
29807  5404
62353  7298
50929  2993
88855  4209
82768  3426
5383  6907
84202  2045
14883  4622
25954  2420
97767  6563
18143  9427
82740  2390
9030  9409
6415  6084
64309  6496
35420  3286
42429  428
10112  1783
39883  3253
57339  2527
393  5591
85046  3229
63495  128
6925  7010
89333  5461
17207  1186
51850  4928
78772  1307
21611  2632
38009  2152
63765  6408
87940  6923
88650  1298
27191  8710
48025  9995
16642  226
38375  1831
30997  8258
17033  1536
36106  8530
76213  7100
16255  3454
49657  5239
27361  8137
628  3699
62133  9832
79645  728
79505  5598
4070  5349
85438  772
50507  9143
80337  3883
34132  7095
80868  9725
12016  268
62074  3707
8970  5719
62689  128
48334  2051
93717  4558
1832  992
41157  4404
61832  3457
95765  1182
79561  9176
53536  3174
68692  1869
19228  8782
52240  6860
71636  7133
51563  8235
68505  5301
31377  5428
82911  5462
92115  7357
81358  2395
65758  437
51342  6464
92194  6627
12803  9797
32602  703
10434  3278
73364  3757
42401  4943
86579  2029
42216  765
73147  2718
58726  9846
51572  1347
73380  7452
89036  1677
53544  7688
99426  11
91923  5294
14422  8610
27463  7409
92464  3274
10316  1106
50476  2239
80233  1125
63707  9042
81604  1478
43733  6090
37326  8051
92623  9624
1556  6933
72577  7893
53532  2471
46990  7931
44817  6933
82056  7853
81258  3440
14927  2975
28886  3137
37161  5544
64279  6968
78011  5953
13986  5762
14064  9055
42301  7728
80206  453
36282  5493
36982  8041
51948  7473
79011  212
67399  9547
76526  6143
92676  2814
6496  5112
89449  2627
64760  5125
13891  4251
13047  8819
76834  4714
51018  5400
10400  5577
15956  2460
96761  3680
26528  5864
56653  8625
38228  8152
84561  5818
36683  3867
20063  8114
18170  9802
96779  1790
35860  4882
91226  7918
94591  3597
39654  3018
63977  4844
84529  5955
8066  4060
72089  9933
46080  8295
70594  246
73477  407
19659  651
71228  3748
65843  578
88801  4167
6964  3851
71055  5684
2068  1719
97838  2938
38505  3728
30719  8444
30616  512
54320  2224
26200  615
7707  8229
86816  2239
92934  1228
42880  1343
55538  6322
79301  1116
56508  8800
57826  8206
40117  6252
79473  8041
32222  5029
54295  8183
67612  5221
79103  6111
53471  6064
98161  1910
31437  4004
77878  4800
25574  6391
7717  9176
8254  8478
625  9209
89374  2510
43106  9975
32569  922
10431  4097
7744  4703
65629  2250
22238  6876
40940  5312
98312  9886
62532  180
10465  6087
67155  6190
46414  7277
31892  6157
53409  8344
4060  5847
61964  1717
75991  978
15026  2944
18579  2009
43047  6005
4261  5095
91470  7272
50719  9502
11303  3338
8858  7302
96460  3994
40241  2250
95575  5961
58555  6933
35360  9463
91195  4276
21739  6421
29737  1761
32876  6914
90245  9298
26198  1233
94015  4354
48481  9918
83624  4813
74319  5316
31939  2118
82138  2794
14529  8040
7138  5047
1659  8169
76228  3859
17542  1254
2828  8581
48984  6086
26149  3014
60404  1428
94997  7411
16623  6558
42475  4386
52952  2404
3873  7062
13757  5177
73970  8455
16585  2571
96345  8516
48136  6372
39689  7687
44751  9362
4982  1613
71978  7809
12660  8010
56861  3066
56697  4666
21225  3050
68823  4478
51409  1646
98670  5549
96338  81
1609  586
86152  1729
35118  287
45926  7002
17020  6823
75023  51
93958  2048
73883  8215
79580  765
27827  5382
44220  3406
1487  6256
41367  5585
41033  7705
79525  6142
41824  3588
4368  9580
80568  7201
82838  8407
76520  5033
74777  6758
63072  218
61599  1081
53177  1585
763  3621
58306  3256
57448  9165
78789  1320
63354  4821
56861  875
15209  5928
17333  9483
59890  1018
39056  6601
47598  8710
54436  1096
1743  2852
68051  9442
40260  4395
19605  4987
20145  3511
57099  8191
67309  4959
17586  4281
24242  64
30886  8165
38822  9173
21573  9585
33651  9857
17876  1885
98548  1683
52009  8154
38336  4131
78790  6012
25020  960
34839  6058
13357  8509
65349  4284
98330  7929
75313  2948
84504  8018
47693  4101
56160  9683
27628  94
11157  4213
356  1032
91572  9422
23354  1716
83540  6965
12078  4862
11994  9664
44199  7189
7646  2153
5143  5963
66184  6286
53421  7855
45084  8615
69224  9264
71345  5761
49058  1991
63967  9532
82521  424
1065  881
33217  8256
29136  6657
1375  2735
63689  5070
34731  2661
9690  4265
24044  4532
58718  1603
80159  7841
38339  2428
11373  8811
69912  4203
86363  3765
15216  9606
97271  8257
91222  743
64834  4793
96476  4041
80594  5825
38389  3784
96157  6223
18845  4911
69204  4124
3243  897
41858  3936
49103  3197
2642  5205
3448  3235
41387  5327
61120  2197
5762  4126
71823  718
50614  7334
34054  5159
76245  7746
46927  5320
20837  1301
9861  6101
40170  8382
58195  4037
54495  3261
90590  7571
31500  329
38426  9640
83023  4558
62761  3347
32568  4526
67533  3456
69434  790
7996  3118
91027  9289
87408  5392
13271  1140
45096  1072
64068  3400
50642  2926
88055  1640
62012  3034
82412  9841
49959  4173
57654  6433
66589  643
83069  7167
67334  7846
23083  6853
2551  2416
52838  6035
79524  2435
86860  4471
79728  9561
5300  2299
48355  4566
29683  7585
44545  5379
72048  7533
3013  3031
83373  3277
83427  177
22560  5253
15616  9094
22850  7350
29669  5925
16493  2245
95844  349
6911  3143
81374  7332
66214  8638
17458  8624
84192  2962
7544  5204
76697  4187
46164  7324
5991  3799
5129  8285
19931  4656
89184  2805
57933  3037
78058  430
89816  8102
32484  4885
82909  7309
58706  2678
49333  3547
97202  1576
6976  89
61978  1704
99319  3295
65828  1593
72484  4951
47411  8761
68334  6436
16995  4078
83101  518
79540  7161
23776  7037
9943  611
29292  2610
28058  5333
27633  51
4557  2689
26459  633
74476  3063
7524  4433
93193  7891
1981  6990
56682  584
10013  9376
71045  9911
66091  3141
52560  6379
34753  5688
59215  758
63483  7899
92499  5206
20253  5960
42117  74
71182  2577
17426  7199
48720  3459
71174  5831
41072  8608
53678  7071
17372  8904
33409  3182
68811  8406
69394  2987
45558  8501
31990  9540
51705  3094
36581  6039
28000  7300
5294  5157
58132  899
57417  8065
7032  9321
39168  7379
55288  8778
68734  3423
6735  3932
87757  5960
42768  9967
13163  2186
20957  4142
85799  5629
83461  2351
63526  6388
82549  6540
80014  1126
77432  3462
52327  1301
29677  7008
99432  904
19005  2351
42312  8281
62468  4014
98837  2319
85070  2575
5885  4015
90157  8457
27755  5042
76352  2986
93455  855
12527  3682
76967  4446
82643  6588
10622  2541
13095  6165
13624  805
561  4498
14427  3636
3704  3408
69853  2158
90579  3006
52862  962
53781  3238
95129  8708
97139  1445
79605  2957
60340  7277
26328  6350
51667  8435
82985  4454
42082  6581
15792  3384
78251  9681
94740  8764
13172  7425
6394  8656
56555  7550
32789  5794
71875  6284
44706  2768
68518  7485
5898  5400
19105  2903
50087  2285
57833  6714
83730  2319
42780  3943
40447  1149
52911  7005
91985  3799
32111  7152
16765  6824
36782  2306
78226  9578
77687  9184
23728  4741
19691  964
87067  6249
60945  3841
64568  310
2417  374
77042  7328
34332  9599
85185  8773
14952  7098
1727  9778
34638  4691
45120  8110
39303  7509
11095  2556
14362  2981
1344  9823
38490  5623
67834  4977
44703  8217
28640  8630
88130  6100
60569  4103
40106  3546
226  6000
44158  3161
67746  3293
69771  859
84328  1641
43270  6782
64073  3269
40709  3478
15409  4063
65259  697
32596  6185
97667  5907
21419  8188
87777  3347
97315  7365
7907  3114
39072  8166
34785  1840
95668  8916
66004  6175
97283  6450
3591  871
15659  7313
22116  1201
39830  7491
28257  6897
38886  9838
44169  5377
95517  7622
12577  658
28045  8004
99008  6215
7264  8539
68572  6374
64890  2081
16588  3822
46615  2435
57758  8599
47779  3364
10228  6352
36888  9421
50431  2729
1035  6370
4740  9451
37635  8347
60958  8548
34360  4158
24094  8621
13050  6733
17309  5417
7770  3472
43599  635
40087  134
85523  1400
59189  8939
84983  560
66605  709
91883  4558
80325  9391
73196  7690
56203  8261
10007  9396
95454  2094
82261  4749
2884  8481
66436  3557
17560  8924
66525  7838
90001  3065
68063  6123
74310  4871
52022  4576
19446  6874
58457  1161
28535  8799
6777  1568
98589  7836
81437  6354
3809  3020
39047  712
90052  6728
3427  7688
67804  9256
59417  8523
2871  8860
77291  3779
9815  8341
31494  361
38391  3824
2432  3914
47979  4361
17699  6042
21820  4680
87616  1938
79272  6058
78030  177
56400  4090
75984  5666
11945  140
68482  2455
42599  5423
54388  552
7682  3239
66581  9223
69427  8438
97955  3304
43513  9027
80735  4193
975  7617
48962  8615
33233  8767
93718  1069
94340  1849
12147  9486
77871  2569
44369  4015
83599  9717
90868  2033
32823  3647
91589  5242
41864  694
61779  9144
99621  8583
49997  8821
49474  9201
81358  7740
66063  6288
14646  7237
77250  6885
11271  6210
18820  396
76649  3262
32165  8675
61294  229
89226  5818
29107  6649
84912  3873
98747  2871
54776  5645
29834  7083
96692  4934
24414  6686
90949  1425
33606  462
11450  8518
68855  7980
75300  683
37373  3290
49414  7488
51595  3743
89198  976
73027  4539
68688  577
74152  7405
58374  2086
26987  9845
86628  2496
27770  8574
24142  8143
60612  511
34884  1997
89962  1410
29736  8848
72590  4542
53032  803
98707  1699
51739  9882
41552  3535
44992  37
14132  1363
34825  9892
33457  3534
69034  5402
84244  7283
20883  577
38970  489
81178  3190
84386  9158
25042  2208
38710  7232
12280  5487
81313  277
53087  6155
89540  487
42969  3703
45070  8431
12375  5505
50684  1416
64044  9076
23023  3618
60359  8475
64626  3345
98205  6197
81715  5134
57759  4685
35967  3786
5066  5820
83908  6073
72664  7328
66139  5567
29409  2652
89156  4461
62355  4898
79367  5419
27938  1387
67585  3588
69003  9446
64040  937
23836  7494
47929  8477
4794  7944
37183  1190
7184  3997
16287  637
25348  4981
46976  3428
33917  3565
35093  9308
16319  2408
98497  2103
78654  7262
60398  9206
87692  7488
36130  8163
87896  544
56934  6739
95703  64
47694  8893
69681  2136
24179  2242
99294  2691
58872  9025
97668  5973
28598  9437
61531  7744
73949  3370
85858  3870
30070  2253
15927  8906
52166  1132
70932  1106
86344  7212
75052  5606
42825  607
5470  6016
82296  7378
23361  2007
41512  2680
13624  7455
3468  5150
69172  2520
9601  754
87859  1399
94664  5715
93159  8341
90849  4116
94072  7654
23670  1864
63558  115
82376  5548
1917  8266
2795  2712
80244  924
34323  50
33011  8467
96582  8129
12947  3234
81476  8978
68173  417
74456  9894
74108  6364
92576  5930
23680  8183
33364  2617
11767  9758
67270  4073
71212  4582
57441  1302
84131  2594
79906  8874
79317  4635
79721  696
27843  7697
28941  9798
89458  6988
77598  5676
69080  2690
15612  6755
51130  6027
89404  8711
8101  6879
8643  9504
98844  4170
94242  4159
5041  5234
55228  9138
91546  5505
39847  828
21430  823
79172  6476
52360  4936
41380  7366
4669  5231
2730  5709
54541  2595
62348  3027
78532  1781
14789  7127
18455  7827
9344  7177
46199  6580
81804  6438
89000  6494
86933  3497
76084  7109
97323  3043
79715  7325
9406  8591
25293  9849
67770  850
31236  5618
7154  1556
72733  726
18918  4665
17424  77
76782  8600
90624  9410
93956  2401
43369  530
56155  7082
12902  7586
77998  584
35749  8606
98789  9658
18973  2063
4670  6646
70134  210
53595  7548
85937  1190
82492  6432
30566  6088
84834  1442
52049  8398
18997  3459
87509  1211
39516  3008
49663  5462
70706  5083
51747  6331
58619  2094
28803  9333
18869  8745
13997  4435
28998  9362
18949  3436
62995  9606
37349  4443
98232  8609
62148  7558
84206  4736
75075  523
26448  7354
936  6796
12630  2787
64862  2383
16460  342
62313  7816
61586  330
53654  4959
990  7558
72415  4643
20444  2625
23664  5056
13904  3991
74500  26
24026  2430
99626  9478
23911  5680
37019  3094
91617  5858
61826  8503
72721  260
95529  9494
50182  226
92615  9313
96385  3825
71974  4357
94309  1430
10641  1464
17487  4845
14077  7328
48461  3784
1330  7729
99649  9583
75796  8419
70704  3171
65882  5774
2880  6670
54464  5457
6589  9666
10712  7913
2346  4747
70569  8807
89046  198
85630  5499
76001  4673
46719  8651
47034  1374
87395  4230
54730  1186
33335  8531
16774  3690
88904  8700
48789  423
35828  9375
58199  8660
74133  8097
91605  60
5876  734
38106  8668
55631  1966
99880  6550
61647  2554
59510  1883
77951  4896
51803  5559
17418  2686
46310  7567
27909  7672
41914  54
99483  8864
70842  5030
3829  3379
75129  7752
97093  2439
61335  4572
83503  8300
33998  3366
77900  4413
66825  49
61257  2835
24644  2078
53744  1875
53966  6520
43147  1444
26925  188
60918  4814
25638  2306
10358  464
75104  4449
99808  6493
86522  6470
15118  86
44632  9006
2718  857
51254  8370
41704  8509
21385  6858
42472  8725
85658  903
50628  1095
79289  7071
84772  6809
77286  4958
15295  1418
50914  4160
19149  3984
43616  5328
62631  4850
44434  3089
54198  6473
60756  3396
68481  3131
69192  4754
81600  9364
52808  6308
63839  6254
79794  2015
1746  9340
52761  5188
38691  205
6860  4535
79258  7078
36930  8144
22163  8333
31793  9396
80292  7414
83467  2212
30077  9191
14798  5696
71121  8817
65350  3753
4794  5582
48020  6697
91495  231
67761  3665
70034  1737
32085  3511
12951  4094
91977  7575
32597  8197
53760  2749
86154  1454
62508  6285
66427  1588
38172  3691
45273  2214
19888  9453
23754  4316
23785  5845
13584  5869
12983  6474
73265  7622
81440  7735
99433  1570
68041  6799
39418  4424
16599  2434
39465  7717
49129  3198
6765  2998
14957  2341
59422  4244
55452  5434
76568  2045
70443  9290
36926  3397
80557  3212
33938  9060
7253  3671
13295  2003
35610  8168
14459  7285
21170  4684
78156  6270
55079  9717
38865  4059
26322  3285
20290  3863
5750  8723
89657  2610
70135  8888
13551  907
12701  4388
95907  6903
84658  437
91625  3124
79205  269
44759  7835
70167  9810
12340  4790
32629  9037
79493  7515
91011  2279
2705  8617
90802  9594
22505  9165
76453  8080
12478  8323
23180  1656
55375  330
83926  805
7821  4113
84251  8272
19985  8527
73605  7684
72371  5045
69978  7419
40206  2111
88665  7525
52008  784
22714  6714
7141  3943
88470  9369
68053  1292
70691  6152
79922  6672
31388  6573
65613  1051
70225  658
39984  3819
79692  8947
92941  1941
45639  3049
82319  6664
23890  9298
82383  4301
76116  9397
35737  6987
79554  6946
88453  1241
15177  8144
135  8240
68139  8071
27930  3953
91470  9242
93548  8177
28359  2251
52449  9920
48098  197
33330  8771
35684  630
24891  9267
7668  857
45552  5719
34012  2542
37468  7555
80298  9669
25706  6868
38758  4660
59968  9923
31978  3885
56038  228
32811  929
38224  3650
89513  1891
11166  8629
35401  4142
13714  104
32219  8547
50228  5129
16157  4385
63647  9719
17701  1311
36963  5164
9648  5665
1055  3183
37501  2294
91829  5758
15389  6975
75788  219
74342  6895
5119  622
87994  7445
97410  9559
57060  2887
89706  6064
34747  5007
11929  1754
45091  9843
12975  4257
19680  2899
38144  4906
14418  562
79444  6492
72469  5198
87478  7621
43453  3058
98043  7965
70129  7129
57316  2203
19714  1109
78888  6263
334  9965
65914  7103
79951  6074
81416  3641
2688  790
24219  7821
12328  4473
65320  5372
25004  7901
10058  4869
31274  5179
23573  8693
77205  5429
98242  1867
57012  1484
96522  9065
98917  9833
34413  4990
61507  8255
73395  4582
34262  5730
10292  4079
44651  1452
88181  6752
58678  209
8608  2977
29305  8355
17021  2972
47581  2482
38396  2231
16136  5177
81119  8411
78601  4868
47154  7768
96904  282
11059  8631
83640  8721
25205  4239
2010  4586
53465  1384
88105  3888
11429  5851
3985  8612
68641  9523
11132  4929
97759  8609
99131  1762
13387  6982
53670  7166
56231  3383
33139  3845
96363  2993
48386  9024
12759  1078
89919  5875
4654  6102
55318  481
15013  4146
59173  9658
85767  7201
40572  9534
29029  8150
83507  5082
99243  731
10106  8071
14620  7905
4218  4872
74698  7283
17798  772
57716  8441
56835  9994
20523  3248
6931  1018
63060  8784
48311  4254
77333  1406
39431  6708
69987  1460
87822  3971
22997  6225
78625  8073
19956  8248
35584  3566
16861  678
60724  4532
29717  1392
14790  3503
92311  9896
73918  8299
20624  8207
46818  269
59015  1588
66178  8686
10961  1506
4419  870
70175  3001
7618  7849
2768  7097
6107  8782
53654  3648
29723  336
55867  7727
61431  9155
49769  5005
62428  1828
52607  3861
58806  4930
21047  3622
50003  9545
51598  4044
3301  9798
80728  2236
86378  9112
28665  9934
83205  7230
99407  2395
71206  3259
49806  1829
65103  6299
89655  2488
70892  7583
91972  1757
63569  4857
86599  3761
75423  8053
46274  3882
74271  8308
83078  5890
91681  4511
41370  8439
74553  8277
29326  8454
13517  9667
57514  1460
31803  7993
82669  2056
8983  8020
73954  4765
69724  5462
92365  5738
9793  3812
25160  5940
56053  6172
28395  1362
89947  7233
81610  4997
62898  3574
39746  7681
96497  4480
72889  6083
3726  8649
54570  8790
88017  2260
4326  2650
57825  4374
85340  9799
961  9545
7458  8980
11553  8308
88032  4016
50630  6904
25362  2428
86253  3177
51910  8681
67985  3640
77957  1243
2372  4638
68771  11
55932  2611
7916  4500
33424  1455
72955  7955
38500  8742
18710  2793
80806  3543
11539  6012
23220  28
27209  5270
38453  8226
77359  2038
81986  7887
54946  3999
11045  6877
97873  8646
73906  6646
39236  7860
89417  347
90240  3696
26253  917
67200  4443
86082  5646
72487  8044
81984  9367
32348  6614
40758  2847
30303  9670
80186  8011
99328  4580
18411  5540
57392  9393
30667  360
82933  1883
52416  434
56995  3136
83551  7405
67618  5506
66723  8171
37043  52
28805  1923
82336  6467
60966  2320
45559  2734
8594  3986
57886  3897
1888  8237
83625  699
5802  1761
33483  6605
80490  6829
31477  1061
36823  3763
12571  4884
91914  4031
14648  7706
30715  1911
80981  8608
90677  6962
70555  6629
54371  6
84857  552
99736  2600
11306  7584
26538  7945
14757  7153
62546  3093
91281  6879
66712  6789
63734  3933
97350  3642
39094  1664
19504  206
80829  1181
47740  7525
79451  2588
46254  7398
65589  8291
81560  970
73110  8836
74419  1880
61122  5490
94189  2692
2517  6347
46155  2629
13183  6922
34140  1175
82532  9082
76955  8808
45743  9156
81974  3905
54910  3868
36146  8453
50081  2399
17860  2937
36527  9869
91536  4136
95367  6818
90333  4364
40332  5778
17493  174
52557  2345
7204  7497
46211  8810
37594  1165
91088  2891
70979  9070
41928  7989
47402  5574
43083  9842
2426  8267
29401  1764
20562  9239
17894  5130
64162  516
36663  6597
80590  918
45787  8407
1984  6134
43894  9726
9714  8687
61071  785
65872  2628
63051  6929
80381  6685
73739  506
26984  3333
28825  3616
22840  5415
22982  6147
48827  5866
29543  6716
20497  5089
85322  89
89857  6903
22109  5205
27368  8742
55543  8091
47007  6696
60471  2245
18095  8965
51798  4611
34484  6971
1668  4052
56621  6296
61768  3945
72735  728
84308  2520
25627  6891
86033  1160
37608  9082
37670  9178
13233  9597
70681  2308
44359  8374
19236  2834
45387  3334
37011  1507
65476  9054
31857  4279
1548  1548
68154  7375
39935  5681
96788  1718
67792  7396
58130  2650
6621  6317
98877  4639
94577  5137
38165  2209
69280  4761
18388  1843
21399  4699
37459  3761
76768  3881
20120  1460
87244  3280
21182  7823
38643  6228
19852  848
180  2987
46427  528
22890  7228
27739  3444
77136  572
37118  8609
90852  2123
47804  5905
93208  3373
70688  375
45443  806
73127  4451
84378  4473
87675  4386
49281  535
79619  9402
90784  5335
14568  2049
59140  7982
40911  1142
56825  4640
91517  3406
31792  2158
88483  2474
94298  8469
12614  149
2292  5580
37577  146
83323  6004
57717  918
21616  2566
97546  8311
59997  2733
45412  4445
50904  7861
12647  2756
89460  3014
99317  3316
77319  1530
95323  592
11632  210
56034  1037
17850  9348
13066  1506
75325  5687
4783  4267
57183  5788
37212  3702
19932  7670
16998  6743
98487  1776
4984  6884
73271  8253
55241  7541
28810  6857
20900  4234
6647  5144
57386  6244
18909  624
98689  4940
83649  5393
91834  781
50086  3524
23548  3627
1191  9400
7486  5043
26259  2632
79996  3275
9322  9328
79443  3659
97414  5390
13416  9055
42735  7455
84860  4348
33294  8215
96774  9655
8146  5927
63512  4568
63534  6588
82679  7972
56574  9959
52122  5575
54284  7182
14587  5800
4254  2802
45321  5356
9050  8051
60493  5933
51721  9690
65761  5739
37920  8214
60794  3549
19987  1258
70856  9826
7156  1270
16891  8149
19325  4987
85480  6104
57057  7731
88805  5793
13630  996
8029  7322
52628  5507
37105  6108
8957  7155
76738  36
97416  3462
24808  4707
43118  821
86427  7499
11012  1671
97101  4502
73343  7770
45898  4919
18590  2684
33802  997
65287  7008
62209  7933
53058  5011
5091  6342
18801  6610
75786  7292
21916  375
62943  7059
15590  9315
75929  5476
86704  271
47631  1770
44002  2871
80028  6192
43927  2085
88289  601
13365  7890
19078  3716
39245  4817
81455  4397
38748  1493
24002  5158
5192  1053
92740  6234
53881  6952
98821  331
37574  8108
26647  2171
51974  1078
18200  5845
68650  5638
72494  31
94806  4638
30754  7356
56589  2915
10308  3212
21911  636
34709  8668
20014  9787
34454  1174
8868  2442
36505  6759
71216  3771
40644  1616
30161  4729
84678  4102
70322  6144
66564  5202
23463  9979
59904  4596
13760  1636
43472  4219
14424  8752
27449  4015
21132  6938
51988  805
18771  4262
6188  1818
13523  3149
4965  5311
20619  1292
88043  4451
55179  92
68782  2466
99627  6562
88969  4725
68259  422
86963  2895
70734  3298
59029  838
95169  7121
43895  7972
84674  2160
65257  8548
10742  6004
77228  4861
83800  2443
82156  3061
69771  2950
39743  7220
41618  2818
2646  7350
61897  4280
64447  2451
89613  5922
10940  8310
44467  7519
57179  5864
58571  6477
61000  449
9182  2904
12984  6393
40466  8210
40629  5887
214  8636
97005  9388
89274  4345
62944  3984
59903  2140
87681  8460
67553  7391
85087  4848
54346  7877
31137  8956
84874  703
36537  7983
6999  921
70713  9110
35526  6234
38837  4887
58448  9269
15344  998
5285  1381
53732  6051
90417  3323
46722  9455
9837  1714
53515  7506
75716  5889
84524  9242
5634  7678
96402  262
47244  2483
84934  3335
29371  9103
68816  8873
78901  5470
36955  4293
85353  2749
61180  8496
59952  5188
30756  248
913  4691
38808  7787
20266  5381
23139  7796
66800  8170
29202  6774
81488  4759
24298  2646
16947  3686
14051  9363
72744  3166
38609  5762
78801  210
69547  9511
32240  8452
41062  9990
89403  2755
81234  1694
81105  4458
36337  8726
46610  9943
93672  1763
31575  5656
30008  2227
54156  3837
76628  8394
49160  8971
44715  804
77285  2373
45771  1575
72745  9614
11731  1797
79990  6452
60963  7724
91670  6920
76144  3108
52987  978
16933  9890
94393  6751
80064  6210
36549  7348
72790  1534
15492  2705
41721  1916
93811  3292
96061  1924
81744  4404
95917  696
17708  7326
36946  619
75622  9094
62457  3107
57621  1595
48487  6213
60137  6492
44598  9153
75241  3571
45446  3062
45497  4071
80988  6807
46675  2320
27646  353
19150  6713
89929  8348
67363  6807
26604  6839
78396  7610
35569  5622
21758  1001
75033  5279
79745  786
98318  138
7727  8074
15440  4174
55062  290
4386  4071
87791  2840
15445  5372
78268  1651
95360  4332
37269  1291
86026  9590
20700  6430
3678  7815
17859  1531
56208  1595
60632  9751
67859  8946
78617  7659
98179  5810
33061  5652
34604  1868
86516  6084
85473  5264
53413  7271
64468  576
521  5303
55335  3189
46363  7856
85046  8804
61797  5014
84029  1231
52106  4212
20742  8832
39479  6497
97354  4046
60667  4089
55194  1647
34556  8132
70795  836
41122  1541
79661  1291
20855  2621
62581  6496
97933  3387
84453  9807
50000  13
20022  6105
59813  9242
88030  5858
22177  295
40779  8039
44579  3157
95188  9953
23536  3188
86347  8523
31796  8752
89965  330
48796  4040
42083  3275
1916  326
72124  5871
76070  2902
10425  6158
6988  3773
85070  9377
45935  5594
66490  5707
76023  6588
94179  1102
49353  3841
95312  4110
95107  8151
93670  6160
90633  4196
86940  9021
18631  4679
56989  7945
42184  2651
85229  9117
83946  8081
93914  2279
3633  3047
70958  7822
17055  2563
26610  4846
12883  6537
92132  9567
96395  3238
65797  9353
97578  9484
66260  4996
5650  8629
39047  4257
10159  1998
96966  5225
93207  1070
76890  5537
43469  3565
86949  8950
81527  4645
80035  5909
15785  3709
98555  3602
2832  7178
16731  8478
46816  614
44845  7843
27049  2052
10257  3757
62023  4960
38627  6636
50644  5552
82910  2934
42394  3656
46555  1556
48351  9586
68976  981
24366  4115
37622  5707
21438  9164
31788  8305
79352  9829
87518  7795
38974  3036
29297  8654
16310  2549
60896  135
86472  5176
1302  4525
82682  603
44990  6781
13992  2613
68725  8045
20156  9943
48297  3046
41625  2149
9447  9987
16887  2658
66892  5591
26838  1498
51402  7049
74092  8708
61630  4960
79368  540
8823  7610
52428  4477
21109  2553
19576  1213
96177  1102
39207  4199
91396  9036
49410  6678
49785  414
69279  2624
81510  766
94566  570
42204  227
35977  5754
39730  4182
13348  7781
81884  1342
43729  7600
47966  5192
61807  4153
83889  293
8752  6236
80407  6406
98443  573
86707  6136
31892  6274
28318  2445
12899  5567
38077  6472
53516  1930
19090  5709
99114  8009
91510  5164
61816  8727
42055  6507
18574  6824
37847  3953
84413  3785
33745  5454
