329916015 0.005755 1000 100
2493893 0.03156 10000 100
5475003 1.82382 100000 500
8267787 3.71748 200000 500
13884602 10.2338 300000 800
14624718 13.9476 400000 800
16588682 23.1557 500000 1000
19797529 28.0954 600000 1000
22300763 41.7979 700000 1200
24225439 47.9337 800000 1200
28205636 72.1545 900000 1500
30887524 80.9244 1000000 1500
1366714 35.7549 2000000 500
2595819 37.954 2000000 500
45533438 173.803 2000000 1500
50729460 243.496 2000000 2000
60764128 391.884 2500000 2500
329916015 0.005675 1000 100
2493893 0.031961 10000 100
5475003 1.83028 100000 500
8267787 3.73506 200000 500
13884602 10.2626 300000 800
14624718 13.9103 400000 800
16588682 23.3386 500000 1000
19797529 27.9529 600000 1000
22300763 41.9824 700000 1200
24225439 47.81 800000 1200
28205636 71.9278 900000 1500
30887524 81.0788 1000000 1500
1366714 35.6996 2000000 500
2595819 37.1 2000000 500
45533438 171.449 2000000 1500
50729460 243.78 2000000 2000
60764128 389.653 2500000 2500
329916015 0.00416 1000 100
2493893 0.032913 10000 100
5475003 1.78561 100000 500
8267787 3.74896 200000 500
13884602 10.2626 300000 800
14624718 14.0491 400000 800
16588682 23.3015 500000 1000
19797529 28.0083 600000 1000
22300763 41.8063 700000 1200
24225439 48.2805 800000 1200
28205636 74.9422 900000 1500
30887524 80.9048 1000000 1500
1366714 35.8047 2000000 500
2595819 37.3552 2000000 500
45533438 171.832 2000000 1500
50729460 242.68 2000000 2000
60764128 389.381 2500000 2500
329916015 0.004605 1000 100
2493893 0.033316 10000 100
5475003 1.83103 100000 500
8267787 3.742 200000 500
13884602 10.1855 300000 800
14624718 13.9697 400000 800
16588682 23.2495 500000 1000
19797529 27.9946 600000 1000
22300763 41.5328 700000 1200
24225439 47.7317 800000 1200
28205636 72.3315 900000 1500
30887524 81.1067 1000000 1500
1366714 35.6105 2000000 500
2595819 37.263 2000000 500
45533438 172.526 2000000 1500
50729460 242.636 2000000 2000
60764128 393.25 2500000 2500
329916015 0.00435 1000 100
2493893 0.032146 10000 100
5475003 1.78343 100000 500
8267787 3.72352 200000 500
13884602 10.3068 300000 800
14624718 14.0648 400000 800
16588682 23.3728 500000 1000
19797529 28.1751 600000 1000
22300763 41.8927 700000 1200
24225439 48.4494 800000 1200
28205636 72.1495 900000 1500
30887524 80.9962 1000000 1500
1366714 35.6021 2000000 500
2595819 36.9674 2000000 500
45533438 171.012 2000000 1500
50729460 242.063 2000000 2000
60764128 394.88 2500000 2500
329916015 0.005681 1000 100
2493893 0.042535 10000 100
5475003 1.79672 100000 500
8267787 3.72657 200000 500
13884602 10.3365 300000 800
14624718 14.0021 400000 800
16588682 23.3309 500000 1000
19797529 28.2574 600000 1000
22300763 41.9436 700000 1200
24225439 48.4038 800000 1200
28205636 71.7548 900000 1500
30887524 80.8784 1000000 1500
1366714 35.7749 2000000 500
2595819 37.2174 2000000 500
45533438 170.696 2000000 1500
50729460 242.951 2000000 2000
60764128 390.343 2500000 2500
329916015 0.004757 1000 100
2493893 0.043408 10000 100
5475003 1.83368 100000 500
8267787 3.71142 200000 500
13884602 10.1855 300000 800
14624718 13.9563 400000 800
16588682 23.5806 500000 1000
19797529 28.3706 600000 1000
22300763 42.0063 700000 1200
24225439 47.6994 800000 1200
28205636 71.8287 900000 1500
30887524 80.9705 1000000 1500
1366714 35.8002 2000000 500
2595819 37.1247 2000000 500
45533438 170.963 2000000 1500
50729460 243.422 2000000 2000
60764128 389.44 2500000 2500
329916015 0.004034 1000 100
2493893 0.033079 10000 100
5475003 1.78364 100000 500
8267787 3.73414 200000 500
13884602 10.2503 300000 800
14624718 13.9016 400000 800
16588682 23.355 500000 1000
19797529 28.055 600000 1000
22300763 41.8 700000 1200
24225439 47.5509 800000 1200
28205636 71.4801 900000 1500
30887524 84.6315 1000000 1500
1366714 35.8511 2000000 500
2595819 37.1493 2000000 500
45533438 171.417 2000000 1500
50729460 242.94 2000000 2000
60764128 391.961 2500000 2500
329916015 0.004703 1000 100
2493893 0.03349 10000 100
5475003 1.79391 100000 500
8267787 3.75939 200000 500
13884602 10.272 300000 800
14624718 14.1339 400000 800
16588682 23.2831 500000 1000
19797529 27.8709 600000 1000
22300763 42.2283 700000 1200
24225439 47.7122 800000 1200
28205636 71.9295 900000 1500
30887524 80.8961 1000000 1500
1366714 35.9788 2000000 500
2595819 37.0909 2000000 500
45533438 170.832 2000000 1500
50729460 245.3 2000000 2000
60764128 394.941 2500000 2500
329916015 0.005762 1000 100
2493893 0.032836 10000 100
5475003 1.82802 100000 500
8267787 3.71663 200000 500
13884602 10.3652 300000 800
14624718 14.0142 400000 800
16588682 23.0673 500000 1000
19797529 28.2004 600000 1000
22300763 41.9207 700000 1200
24225439 48.452 800000 1200
28205636 71.9052 900000 1500
30887524 80.8405 1000000 1500
1366714 35.6968 2000000 500
2595819 39.3463 2000000 500
45533438 171.171 2000000 1500
50729460 242.768 2000000 2000
60764128 390.469 2500000 2500
329916015 0.005791 1000 100
2493893 0.043525 10000 100
5475003 1.78715 100000 500
8267787 3.73869 200000 500
13884602 10.1616 300000 800
14624718 13.8876 400000 800
16588682 23.3046 500000 1000
19797529 28.3106 600000 1000
22300763 41.8881 700000 1200
24225439 47.6337 800000 1200
28205636 72.0714 900000 1500
30887524 80.7084 1000000 1500
1366714 35.9405 2000000 500
2595819 37.4982 2000000 500
45533438 170.939 2000000 1500
50729460 245.905 2000000 2000
60764128 394.485 2500000 2500
