329916015 0.004105 1000 100
2493893 0.027888 10000 100
5475003 0.902475 100000 500
8267787 1.71783 200000 500
13884602 4.16979 300000 800
14624718 5.54985 400000 800
16588682 8.63611 500000 1000
19797529 10.4159 600000 1000
22300763 14.528 700000 1200
24225439 16.6857 800000 1200
28205636 23.3765 900000 1500
30887524 26.0132 1000000 1500
1366714 15.0095 2000000 500
2595819 15.6272 2000000 500
45533438 52.5893 2000000 1500
50729460 70.6252 2000000 2000
60764128 109.361 2500000 2500
329916015 0.003359 1000 100
2493893 0.022677 10000 100
5475003 0.846525 100000 500
8267787 1.71576 200000 500
13884602 4.13346 300000 800
14624718 5.52974 400000 800
16588682 8.66826 500000 1000
19797529 10.432 600000 1000
22300763 14.5498 700000 1200
24225439 16.6854 800000 1200
28205636 23.4102 900000 1500
30887524 26.0901 1000000 1500
1366714 14.922 2000000 500
2595819 15.5817 2000000 500
45533438 52.4603 2000000 1500
50729460 69.7393 2000000 2000
60764128 109.787 2500000 2500
329916015 0.004378 1000 100
2493893 0.022745 10000 100
5475003 0.84826 100000 500
8267787 1.72281 200000 500
13884602 4.13518 300000 800
14624718 5.5274 400000 800
16588682 8.66619 500000 1000
19797529 10.4056 600000 1000
22300763 14.5535 700000 1200
24225439 16.6656 800000 1200
28205636 23.4431 900000 1500
30887524 26.0352 1000000 1500
1366714 14.9564 2000000 500
2595819 15.6555 2000000 500
45533438 53.0375 2000000 1500
50729460 69.8584 2000000 2000
60764128 109.401 2500000 2500
329916015 0.003156 1000 100
2493893 0.023163 10000 100
5475003 0.849293 100000 500
8267787 1.71808 200000 500
13884602 4.13874 300000 800
14624718 5.55504 400000 800
16588682 8.66857 500000 1000
19797529 10.4234 600000 1000
22300763 14.5304 700000 1200
24225439 16.6674 800000 1200
28205636 23.451 900000 1500
30887524 26.099 1000000 1500
1366714 14.9572 2000000 500
2595819 15.9615 2000000 500
45533438 52.6987 2000000 1500
50729460 70.1389 2000000 2000
60764128 109.94 2500000 2500
329916015 0.004582 1000 100
2493893 0.023224 10000 100
5475003 0.886947 100000 500
8267787 1.71763 200000 500
13884602 4.13556 300000 800
14624718 5.52747 400000 800
16588682 8.66429 500000 1000
19797529 10.3988 600000 1000
22300763 14.5375 700000 1200
24225439 16.6464 800000 1200
28205636 23.4767 900000 1500
30887524 26.0565 1000000 1500
1366714 14.9548 2000000 500
2595819 15.6549 2000000 500
45533438 52.7271 2000000 1500
50729460 70.027 2000000 2000
60764128 109.82 2500000 2500
329916015 0.003042 1000 100
2493893 0.029213 10000 100
5475003 0.92292 100000 500
8267787 1.74495 200000 500
13884602 4.1371 300000 800
14624718 5.55955 400000 800
16588682 8.66886 500000 1000
19797529 10.4338 600000 1000
22300763 14.5261 700000 1200
24225439 16.6455 800000 1200
28205636 23.3745 900000 1500
30887524 26.0109 1000000 1500
1366714 14.9521 2000000 500
2595819 15.5774 2000000 500
45533438 52.6766 2000000 1500
50729460 69.9014 2000000 2000
60764128 109.337 2500000 2500
329916015 0.004401 1000 100
2493893 0.022415 10000 100
5475003 0.891157 100000 500
8267787 1.71501 200000 500
13884602 4.16854 300000 800
14624718 5.52352 400000 800
16588682 8.67393 500000 1000
19797529 10.4118 600000 1000
22300763 14.5394 700000 1200
24225439 16.6906 800000 1200
28205636 23.3926 900000 1500
30887524 26.044 1000000 1500
1366714 14.9198 2000000 500
2595819 15.5555 2000000 500
45533438 52.5901 2000000 1500
50729460 69.8225 2000000 2000
60764128 109.528 2500000 2500
329916015 0.003067 1000 100
2493893 0.018515 10000 100
5475003 0.849255 100000 500
8267787 2.04355 200000 500
13884602 5.78339 300000 800
14624718 6.14043 400000 800
16588682 8.63586 500000 1000
19797529 10.3951 600000 1000
22300763 14.5383 700000 1200
24225439 16.6606 800000 1200
28205636 23.4008 900000 1500
30887524 26.0409 1000000 1500
1366714 15.0365 2000000 500
2595819 15.6201 2000000 500
45533438 52.5927 2000000 1500
50729460 70.0308 2000000 2000
60764128 109.783 2500000 2500
329916015 0.002966 1000 100
2493893 0.029302 10000 100
5475003 0.84947 100000 500
8267787 1.71608 200000 500
13884602 4.16231 300000 800
14624718 5.52754 400000 800
16588682 8.6333 500000 1000
19797529 10.4002 600000 1000
22300763 14.5673 700000 1200
24225439 16.6817 800000 1200
28205636 23.4111 900000 1500
30887524 26.1162 1000000 1500
1366714 14.991 2000000 500
2595819 15.5443 2000000 500
45533438 52.587 2000000 1500
50729460 69.8121 2000000 2000
60764128 109.67 2500000 2500
329916015 0.004362 1000 100
2493893 0.022739 10000 100
5475003 0.894153 100000 500
8267787 1.71512 200000 500
13884602 4.16824 300000 800
14624718 5.52482 400000 800
16588682 8.67099 500000 1000
19797529 10.4269 600000 1000
22300763 14.5453 700000 1200
24225439 16.6813 800000 1200
28205636 23.4096 900000 1500
30887524 26.0404 1000000 1500
1366714 14.9417 2000000 500
2595819 15.6257 2000000 500
45533438 52.8241 2000000 1500
50729460 69.8626 2000000 2000
60764128 109.345 2500000 2500
329916015 0.003461 1000 100
2493893 0.022811 10000 100
5475003 0.84667 100000 500
8267787 1.71844 200000 500
13884602 4.13654 300000 800
14624718 5.57004 400000 800
16588682 8.63915 500000 1000
19797529 10.4324 600000 1000
22300763 14.5684 700000 1200
24225439 16.67 800000 1200
28205636 23.3892 900000 1500
30887524 26.0277 1000000 1500
1366714 14.9782 2000000 500
2595819 15.6363 2000000 500
45533438 52.6278 2000000 1500
50729460 70.0588 2000000 2000
60764128 109.843 2500000 2500
